697 753 383 768 737 220 953 165 639 813 980 970 611 963 189 285 703 367 192 303
8 122 260 914 104 573 948 828 329 51 799 69 227 695 73 320 651 778 861 467
121 188 439 448 975 92 865 250 566 795 417 245 808 302 652 835 164 264 346 120
72 820 510 498 84 278 804 269 31 294 502 657 932 294 149 81 37 623 852 889
208 549 669 376 506 709 133 607 144 471 276 980 820 277 431 864 186 892 938 657
709 217 509 629 664 266 356 188 665 192 584 236 60 2 574 270 531 299 631 745
538 259 408 3 517 848 165 618 217 397 225 337 895 222 979 397 983 178 505 573
375 501 510 914 973 589 688 393 870 331 205 60 952 57 954 15 421 211 742 622
817 804 242 898 703 185 689 436 790 11 666 608 813 759 109 380 48 406 314 561
63 341 573 656 218 827 722 725 289 357 597 626 544 988 493 940 801 63 632 857
522 296 425 687 378 46 322 869 596 390 547 309 397 658 893 126 761 362 804 555
822 662 412 973 373 763 723 235 274 977 987 593 323 620 886 375 0 270 907 304
634 935 368 71 300 201 876 287 722 367 692 380 319 588 568 475 786 390 121 326
894 845 790 251 138 787 79 937 653 471 296 637 216 301 959 633 305 240 3 178
286 406 283 45 349 811 417 647 839 522 140 6 611 47 230 883 667 27 987 469
210 422 7 285 640 997 993 838 892 130 251 105 58 309 488 745 337 740 86 240
152 174 54 949 920 323 427 372 74 446 327 169 937 480 846 56 730 918 593 75
825 992 838 312 364 694 233 52 188 139 149 228 681 883 609 539 780 781 564 534
423 248 861 382 672 280 133 175 207 834 81 305 205 62 546 492 823 761 835 59
759 883 288 907 210 27 625 20 502 183 666 676 130 150 388 40 901 469 173 944
