Process ID : 4608
Parent ID : 4606
-1801888895
-1781024885
-1957412600
-456364657
2140015104
1601608400
-788383410
-510782882
-1481601076
1971858490
-2034436809
1148394978
64992264
696664452
1252639921
1888060453
149521046
68911834
191922824
-2037731182
-332320869
1229457518
-400093120
-1695255584
394911426
1484347537
-335431868
-208253295
351752935
596159208
-109119358
653606263
-955665516
-1024144604
1702561766
1301018060
-1024051738
896531389
-1687189526
1577286029
-908994206
-600525208
-1559570915
672054129
-1114551563
719380704
2084245891
-150842818
-377766494
510337379
1272113820
-552507714
151974301
949380727
-1537764706
-502261533
686494337
-1788373668
2009312270
-1307001807
549305446
-1719187384
1993979159
-25297673
215419892
-705025513
378922925
1626205071
-265270915
1477155234
1499837402
863092508
-223599184
-1436740293
-533917923
2121990230
-2103088713
-1344615868
-1749035879
-2039946105
-1134111661
1423189454
1282931113
-2011203671
1310893610
-747728043
1649854945
-701977651
-653840961
-1756523801
67885452
1252663668
1985876478
1016107874
-1195842740
-691112264
516878624
-2074774042
-985165422
-433708474
Numbers which remainders equal 0 when divided by 3 * PID : 
Execution time: 0:00:01.531641
Time spent for reading file: 0:00:00.003735
Time spent fot sampling: 0:00:01.527525
