Process ID : 18080
Parent ID : 18079
-170657766
981779867
-17709774
1526760679
-1629451263
-1727304978
447397190
1103554984
-1859690469
1113176572
1519293011
-405064424
-1281239047
530807642
998169023
-1193204107
1608988277
-1724270929
1793386114
890307840
-10889495
-835887715
-1112537881
556049593
-1122633789
-823716866
-1345497723
1522876158
-1669768517
2142274592
578108503
2071550326
-1653368715
-298407868
1500363013
-915115360
1578500757
-32252719
-593654629
597185899
-1015721787
1035585813
-452932169
-1509544655
-546621109
2111608342
-413669547
-1977036190
1509421048
1253138069
2006229175
-1949143690
-677576410
-2080448000
-328864660
-245092994
-592825026
237882576
711183822
430344924
-1575750984
1363255070
-547598862
-1611258428
224006563
-2096929384
754976466
-1690955467
-1800565787
-354358550
-1769532871
1522685374
464427520
-1327064313
374362457
808027077
-645263607
784558878
-1629209503
-1409502855
-241306980
-1224359803
1017275113
1501726707
-57520030
-811489206
-1844764680
1096387358
-1014591684
-1304719669
1755038431
1649085194
-1285583652
-548727120
-1868136301
1550311003
1059632944
-313467356
254314809
-1405265705
Numbers which remainders equal 0 when divided by 3 * PID : 
Execution time: 0:00:02.085555
Time spent for reading file: 0:00:00.006966
Time spent fot sampling: 0:00:02.078087
