Process ID : 18081
Parent ID : 18079
156989102
526297570
2126106929
99759941
-1771708381
-2031015553
-1551118666
-542118820
-1825222649
1107144458
-1087144887
-1076571034
-1134356922
1617157181
95485331
-2050387463
645640838
-1087252884
-1732188543
1557158788
1180818443
689231583
-96866130
-1419952844
-723408871
870125323
-1580450046
571679772
-1764548710
-1865675197
-1876738759
-1492883699
-1129494038
-956853636
303701469
1322214348
11458824
-1550381689
-1918268511
1984866629
1772396255
1436452081
-474609972
649449725
-318613957
571270957
1054425505
-2135775638
1757908228
1132341294
-1361397966
-453256878
1167710111
953012101
-1986191136
-90532717
-1524228074
-221472177
2074235777
-56236813
-439118746
612213406
1733995282
-1917650776
-1632322186
1822870931
-5011028
244495767
87721356
-462502375
-1203437306
-2007430817
-1120472114
1407461741
2084377960
1626517846
493796823
206768654
27846088
1644944632
1142786048
203393825
-1679306142
-171585033
-1004085034
-339280811
1900764536
2011952924
-658618947
-1029375959
518339381
-937717567
-1514908947
109291279
-1242441420
-2071195505
518914952
-1353896087
1518623442
1213826606
Numbers which remainders equal 0 when divided by 3 * PID : 
Execution time: 0:00:02.109275
Time spent for reading file: 0:00:00.006844
Time spent fot sampling: 0:00:02.093700
