Process ID : 4607
Parent ID : 4606
372471327
579224623
-2136953187
-844177424
-1108370743
-1002954559
1588841918
-534088536
559198396
-1484436084
1694302588
-1591455051
1813593228
1927433245
2145490716
255471971
8551861
-1934565533
-807291361
-1528571528
-1042608523
1675867036
1408369092
1130343805
2008940503
-352358610
199145728
-1804220865
-2104728593
-2124081722
903662908
839858116
-2047388111
1871066244
-471597004
492474649
-1200209127
1148520880
-100364244
1333343109
195414303
-898674335
-613864216
-1663507992
515666320
-569434265
-649058033
1331215283
-2031773724
1131135458
59599452
914802525
483595108
1391321686
-1568165604
-1268379433
-1351790014
1564776383
329848746
-1278533177
333095229
-1104280096
910191534
1312886435
-41992159
-1190724756
595404591
1276371481
-1760833844
-743157670
1612147490
-1588992783
-222142662
-127962102
760341859
-1305117781
-264793968
-1331805719
-550160587
196465268
686494337
-1027714971
2009312270
-254987193
487881720
-1146962232
17691840
1336338986
1834272931
1400422665
-765571345
-1711237220
-1801959899
-1257686700
1997678392
-479151424
1031546964
557716685
-207629357
-551123302
Numbers which remainders equal 0 when divided by 3 * PID : 
Execution time: 0:00:01.519461
Time spent for reading file: 0:00:00.004518
Time spent fot sampling: 0:00:01.514383
