Process ID : 25013
Parent ID : 25012
677840910
-324868222
592726821
-9895288
216150888
1887611800
-1250992382
-1301285547
1469480799
-1541888809
-63402074
1243456723
307706347
-1656739618
213215226
453954914
892190909
1785304118
1087668285
-1738103810
1756871455
-2054678001
171904253
1755142554
916599025
1838913986
-139222144
-2063198551
555498949
-9440210
286890762
-583608597
-1971075703
778282014
88330628
-98946222
2083888889
1522720287
-1508376346
-2032229253
973027274
278764384
-1555423211
1486118845
-2078792658
825251571
-422758513
605181793
731623389
-441392694
227845971
-1259697011
-1632283719
173037949
1279741574
-1496892914
-1126252992
-1761930799
1108354622
-139002404
586632377
1321653256
-2011549144
-401024102
-1798252394
1356264571
1273533978
1799845096
-202802623
-1994833585
1394082518
1636903946
1507440437
-1626366184
1761547233
-2083380230
-956049503
-1139412530
-1149935245
-1068621183
-515036161
-1908076274
-17214375
2062622047
825756993
-404854032
1369362136
-1778388949
1408007124
-1566053043
1281973022
737931726
486384249
-1890089517
606335116
-1263790530
1597296942
1043281517
269099449
-1834639835
Numbers which remainders equal 0 when divided by 3 * PID : 
Execution time: 0:00:01.551382
Time spent for reading file: 0:00:00.003736
Time spent fot sampling: 0:00:01.547269
