Process ID : 12802
Parent ID : 12801
-1564237038
-195944305
-957042581
-1713608194
1024219113
-1886771628
188316291
1241598843
-907921052
523908370
1343981806
1721002165
1155949682
-964384069
-1874624284
397808839
2115505475
652684108
1063678567
-71103402
-1152448303
-593120247
-839214939
717363370
-235971696
-164394309
1003586951
-181930581
-1417279073
623866910
2002840989
-1725605312
295166931
1731296273
-201690682
1416611864
-1966658470
-536425031
-934317447
-1794627952
-674552044
301468536
483768889
-695379622
619117925
-1941435060
198542341
-646532223
174992539
1649114779
2019469749
-1066528069
-999615818
902427262
195387146
-1013186725
556839154
-51422840
-1225176220
-90701828
-1712263450
1481246470
1035097012
1492768710
321371735
-752324634
-1585674206
2121061109
193364699
-374290055
2139470670
-1344632673
-770285666
419316069
-1590529495
-713939984
1654580869
-769120228
-1187413531
840900055
-1407323803
-1349496420
-1960673253
-480303207
653804826
-476660280
1935330102
-1498374508
-1512813337
-1932254986
-1092484095
-2140287347
-225212793
-1301917596
-986976544
1746199957
-2130608256
-1996859954
308626704
-23774247
Numbers which remainders equal 0 when divided by 3 * PID : 
Execution time: 0:00:08.202432
Time spent for reading file: 0:00:00.027852
Time spent fot sampling: 0:00:08.173965
