Process ID : 12805
Parent ID : 12801
-1020154148
1812690874
-1982081526
-2066671412
-1685312863
173196514
-1318780396
1199110243
-1730517925
-880244047
-2066666548
435982482
1321264968
429263108
2084388600
-360597708
-2015912852
1623647570
-1497654139
-1722374504
-1090551739
1684547527
1336558756
-321153049
-408866164
-152617398
-1412817581
966957415
-1473126166
-2037497674
-1184540215
186976423
559420498
1499795109
-1144744914
-533873069
1148827337
-1554944273
-1782710617
525760000
589743574
-1394401021
353832091
-150510039
416738076
1755975506
1036464402
-351139680
2049669791
-153737128
-312748287
-1401982456
-763560066
295568654
-1268631940
-1565683490
-2073544496
-1864939118
-175723928
859212628
383333144
-800795837
-986745526
-1342328647
1249620898
1396965365
2000916191
-247150922
1814952343
1508928648
-1067642661
1136159225
1964011148
1063316322
-149490434
-388855884
656528275
-216386710
-910205166
29123554
1493427002
716598192
-710371453
-1992836965
-828602773
1490561751
1939226862
-1238303040
2111273893
230593693
-1126869918
-368737109
322741072
-1633601446
1601674124
1790033125
1405803123
1089387821
-1296400478
-1836944323
Numbers which remainders equal 0 when divided by 3 * PID : 
Execution time: 0:00:08.262164
Time spent for reading file: 0:00:00.055057
Time spent fot sampling: 0:00:08.206714
