Process ID : 12803
Parent ID : 12801
-873096218
1639532192
1674999624
-510855246
-720756143
937305477
-512220778
-885331366
683561602
1681829859
-2127203729
109799885
-1963230467
315300604
1165731268
-372301456
415393906
-1929478933
-759373803
-272766284
2124769528
1486572456
1584173841
1847113354
-2008762770
-380038510
918750976
1915235053
-1085641848
1337159688
-399068041
12166876
1196581590
-256676950
163520677
1312525144
1458472141
1690779996
1735712000
-177183553
-1762475316
37653288
-1827170326
540357439
564091071
-2000054417
-770177437
-559267507
1269342672
-2070218021
-1764848934
-34523145
954403518
-1595128031
-334980691
-780112452
674791999
-2027479276
580217612
255684056
-1273284305
-656791011
1696600950
1003139278
1575078348
614799093
-2118401117
237357712
1207950772
569262111
-1807404772
-1915869161
147996596
-835760876
-83618130
1407217185
-1078128138
-1524263576
282362258
-2008133368
-1495856190
-1407190323
551388439
-312464842
737460841
647540316
-443360298
-978932899
1425045051
419949377
-1817340223
2018030893
-1461205447
-160090160
-1140725426
902965372
485799052
1972248002
-1003627863
1342376606
Numbers which remainders equal 0 when divided by 3 * PID : 
Execution time: 0:00:08.245733
Time spent for reading file: 0:00:00.055647
Time spent fot sampling: 0:00:08.189206
