Process ID : 12804
Parent ID : 12801
-409690838
-1758288374
60662029
1611486269
980937073
908454431
-313300534
-1046558171
-798027621
1280386215
-360085337
26440379
-1795071876
-2016224618
-578701601
-1967430669
1979158122
-482727440
1444606734
1363709930
-96988762
-2033289828
-510641157
-979680444
-761734624
-2062063550
2061954417
1268765260
1692521578
1296969755
903723443
1521755185
-1906696924
378285917
-1785669176
-1548863383
1374003045
-781285559
-706543609
784720230
-386590448
1567994709
1957543218
-1018043299
-506824678
808860627
-768101999
238131376
-221678123
1589889957
1908605768
2008694241
1598956286
63728609
-1096920484
-279992296
-529285034
-1761709653
-1217688264
-1831970755
1010594952
-563351812
592206094
1936331759
-1283824808
444053464
-1441433925
-150834381
499131218
-1583594290
541874244
-1823318412
330480678
527462815
-1147548042
-1027332860
-1015706817
-1195880121
-690903143
-1394321943
-1042659920
-1554722750
-178027182
1862830454
-1039376617
-672996887
69470965
-336491037
-92434470
167744163
678876130
-147665621
175178073
2086732291
-1162591236
637920591
-1811939368
306799875
1989044864
899260804
Numbers which remainders equal 0 when divided by 3 * PID : 
Execution time: 0:00:08.283995
Time spent for reading file: 0:00:00.027727
Time spent fot sampling: 0:00:08.255778
