Thread ID : 140242509211392
Parent ID : 24995
-372998790
-1811383729
79036816
1772170875
-85145067
-228436249
1049263708
2129172707
769667868
-1776213404
-1422733568
679922605
1904705369
-2147311847
-223050055
-498709796
-1014824770
-248482483
1354423231
-580959895
-339375530
818830356
-752462936
1980748719
-2001588484
1510654838
1117029379
-855620089
-915389328
513702000
1570020053
-1428104031
-1969935873
-465415551
-1003150705
1310181428
-341774050
-465738104
-1132651799
741307703
518912179
-1830953945
366795133
-1533683634
-300495624
385783671
-847859886
926657710
-969394376
-411327898
1893414510
-137084355
428721457
-2105122791
1318445974
-695304903
356400539
-638864470
556136402
2050893478
-646348337
1368077084
-982291225
919231341
-1410140450
217890386
408685183
-816845266
-1235487766
-1725241905
1130359272
1070248789
-1667219678
730614039
-988213459
-293352343
-2020361002
1785844243
-369222701
1872104476
-703053864
-365386399
1412013674
1757486375
-507432176
440926425
-1343227180
-1867571092
1101670110
-1856372570
-1842082240
367401537
632447551
-1152426125
-1966532692
175005898
-1235340319
509154097
654539288
688194092
Numbers which remainders equal 0 when divided by 3 * PID : 
Execution time: 0:00:01.531449
Time spent for reading file: 0:00:00.003475
Time spent fot sampling: 0:00:01.527597
