Process ID : 30052
Parent ID : 29069
-1129886667
-375192351
-373039648
580466509
533854357
-639116299
-1979517162
-1088216942
-567310087
-51566460
286978656
-550828786
-94665503
2126686661
-126837863
997563335
1823998307
291240391
-144317387
-1908338925
534771968
-475325990
1109993591
324541073
1948030938
-310836487
-2001956508
-1134453883
1045853209
-185788312
84955974
-1520162439
1458670316
-1947354079
-1944889478
2060757982
2100759643
625690286
330905091
-1920007786
1386284176
-294906071
-981804221
-1370616268
-190320768
-957184605
1775602691
-137900708
309369220
-1689893362
-355718178
-948974027
-581994000
1372270479
951505175
532484559
581177850
1519080377
-1704400831
-1066915507
1796144258
-1697553634
-995068690
568535752
2142879190
-1017155900
-1231034791
-474371403
-641916806
1148590114
692047636
-758714935
1270305143
-1568604398
-122438764
547089337
1745360379
964584304
-289962479
-297933919
-563111711
-1262318868
1583607501
2140757247
627235447
-1155888962
-393772664
337011544
-339769278
2052564247
-1545027452
761683628
-1885796652
-295410778
-1477340627
-1589674438
1639624713
843346469
1937807610
527113196
Execution time: -293
Time spent for reading file: 0
Time spent fot sampling: -1603288758
