Process ID : 23270
Parent ID : 22819
406787726
709512791
1866214158
1432789575
1406622927
-1357962930
-1892324155
1895096260
-1215736335
-1455682705
-628016160
1361610318
2132490220
-496115218
1715734260
1561748555
-1112853627
209210813
-868133356
1131989200
-1214833313
-1022644692
-1756141534
-927759952
-2126877283
1529845547
-1623512405
694980970
95991322
-861970843
850167780
2048151000
-139065503
-663751448
-166861431
-1262311852
324393527
78727608
-144023656
-1868207692
-1028295423
-629682544
-50994338
576674508
183864452
-1833717285
-704506982
-1053492662
-1061829768
1299706740
1080799374
-1059472002
-1466175391
-542587827
-1606557783
126074355
-847194623
305490277
-1831587977
864807673
-15221568
301943068
1060228883
-2078553912
-414561502
-458689774
-1710864192
251745993
-955475134
814353624
-643056932
1895474740
-695895718
1592057613
-1988220108
1622116520
610389722
-995068690
-1969466892
-1933810876
1824081599
905105739
1362001332
1860801286
-1444174123
-1011205872
-1667251767
1590759652
-1797295993
1358677436
1369491716
1892456613
1703219637
-784807083
-1582837461
756682381
-1857294514
1774302377
-2072242361
-1478442138
