Process ID : 30050
Parent ID : 29069
319812176
1107363926
1133837059
-419416306
2022213500
-1880942251
1728942417
717760469
-617290780
-476329550
-1859890247
-2134948471
1341661298
1467192208
1693509333
2077926751
1699301182
343474685
652695199
-558430447
-1319150444
-518141034
1829609265
-820062583
1058175494
433236747
-667080640
1961323694
-1915559883
-1785399792
1249466353
481302499
496393353
-1060358513
1740646658
173628117
-861036820
847530590
-434204865
998805282
2104064136
-1159769354
-1992738739
-1286097699
1681630664
-280254515
-1756600592
-131935229
-776323707
-2088833988
-1328103919
-1907931015
946588122
-1344590275
826237860
1768829703
1262949212
-169140004
-1856364297
-1233925681
1714381737
-358375775
651254242
1006338100
593078246
334797549
1189315002
-501732207
-359875911
-902932435
-872370972
-295947857
557160005
-456682290
2004179809
251382668
1213208314
-1421949841
1770587557
-2141079008
1815794292
1887826815
-1569344740
-440677424
-2133942583
-1182342571
-249528935
1764739719
-1346344049
978170493
1269482583
-2030953227
-1188556259
1613555108
1819286433
-959835107
-974928163
-871890639
1731870826
-508030164
Execution time: -294
Time spent for reading file: 0
Time spent fot sampling: -1603288759
