Process ID : 23618
Parent ID : 22819
-1129427227
59298208
1998138058
-1119320517
1232687232
-1541202159
-2061271946
1183404314
852574766
451428190
1435646710
1518284830
1180913720
-14391825
345562719
1077369179
-1108810135
-1145117894
585406450
-1328922212
-409155675
-405499823
864797417
-1662138963
-2129254660
-386961959
-2044192356
-2145750210
-1970293072
598543753
-1355042938
-1215736335
-432265164
-420961690
657156496
1083801669
195387379
1199995497
144324893
481814957
-1495487050
1509102342
311832699
1818610288
-1994282057
-1206973496
1341551802
2068090885
212355360
443608100
1699301182
1528572181
-479017677
-325386680
862112034
-1094994082
86884586
1425257110
-1640294100
-560330832
-1453465564
2035896079
1899599772
-1946262376
1600679158
1501305394
347609799
57020833
413333965
-1049257531
-1686907737
-481736503
-442179758
-723021957
-1981409264
1608847347
1490250709
-1757735246
1786303411
-239718849
574326055
1829609265
2062080718
-400634580
-541034437
-1066038748
1936784331
-249396574
913332735
-1895850587
-217357879
1792813601
-633055908
-18718213
1925535289
343474685
617702708
-1024937193
229932124
-993245884
Execution time: -281
Time spent for reading file: 0
Time spent fot sampling: -1603272735
