Process ID : 23620
Parent ID : 22819
-272029144
1556121732
-1491945867
-1761063807
-1952935835
-2077344132
1070014970
-1419676384
2118557290
576674508
23564161
-30545192
432828206
364350179
549451690
-428035419
104943867
-397778168
-603801828
-370188713
-531739041
2107081846
-829345350
1602837522
1187432
-1589674438
-1930750783
1731870826
-1238007075
-1410572680
1492001339
1407709941
-723392560
729461546
1950041440
-208782700
-774205536
-441094888
-866574439
359657812
840957311
-1256556034
-1094194088
292443987
-2044270939
473462785
-1741599408
-1933810876
-1206288932
-485689261
443227535
-1345743732
-2066772086
1805975053
-281687577
1813701100
-1224842979
-718581881
1725653278
563143672
-828879914
-1749307919
274894190
-1114927336
-1931310814
-2003262440
141700527
-411928316
-1197590934
-668587369
1023544041
-604066152
-2658179
1879125659
775719314
-1962353276
-1761084815
1846862229
-356994020
718259960
1700160365
1640418857
-1732924092
-36779685
-1440322538
-491792409
1796932894
-1217292877
-622610150
1984796384
286978656
-1441010573
-608342156
-1647955196
-1943294101
-629796534
-856793127
1648487411
1168712231
-330203183
Execution time: -281
Time spent for reading file: 0
Time spent fot sampling: -1603272735
