Process ID : 30051
Parent ID : 29069
2093791653
1753355824
1503726664
1784538870
-613376659
864169106
-593112049
-1205998126
-169713010
1966051961
-1182766116
-1076338270
1361683156
1999755091
-389110712
1819286433
877232503
19348093
-1943941097
1916738008
1273054222
1176040233
1849924076
-1084298729
306564842
-1965782149
-1077557781
-979174496
-779609537
-234486577
353942188
1277305612
651254242
9661669
-1541202159
-409155675
1056554373
61215979
-1896141467
-311975904
-1886713336
-1710068745
1172535743
39149083
620768777
-1215382048
-288294048
1120778962
-1750147835
-1290728942
-1571337193
683805422
20886824
1270294770
-37237778
-731673613
-1315704820
-1280893456
-1062413976
-320160275
2128651556
1048410286
168238621
1995373185
-279688361
-500903208
-1654275610
-1804254211
-144942138
478924004
1992697270
862701440
-574269734
1341661298
-2095665173
-1360983241
1325333406
-1082554967
-1625542623
1568563274
-440677424
-416327312
-23582360
1158361345
-1835917283
-1346954232
-874980565
-351769279
906222444
1154049985
-1254803374
-184662809
1745360379
-971130129
-487322798
-1558084617
1847140099
-422350197
612445393
-1943016851
Execution time: -291
Time spent for reading file: 0
Time spent fot sampling: -1603288756
