Process ID : 23619
Parent ID : 22819
-1587937500
-833326223
1153383987
1355651186
-828000981
-2092826100
1087125427
-1233147710
2118620759
-622811025
-318327339
1177384929
-1487221297
-1078483711
-1758094745
-845583852
1343515085
455026507
2056063235
-2053344603
818097954
-2064033584
-1633951817
1975301181
264640779
-1835324033
1372938020
1936867745
1304827785
-1117901241
1829267720
626191031
-1991916200
1693299761
1793204148
-985363791
1128387364
-1392818820
-170721978
-2128422700
758383378
-1687415670
-1271953860
939543702
-100478039
1308335168
1079129460
829790768
-1893373390
16283781
-2143477096
691894755
-1135206430
403488357
1075123077
-1964734601
-1436067709
128052437
-737347637
-289590312
-170653759
-1481715942
-1821847836
1764735911
-139065503
590023172
416945072
22757709
113703617
1498264484
1746453927
-2132664727
-553771824
1669094233
-1947187642
-1700953533
166819818
1351077737
-1607313922
-807531515
-1121748454
520096328
-1872956468
-1465785140
-140011865
-485573545
-842695267
2114243660
-2077240682
1387466218
-891745689
-94568665
465836796
-396359143
-815856970
-1187689453
-236124742
1065881734
-784807083
582547804
Execution time: -281
Time spent for reading file: 0
Time spent fot sampling: -1603272735
