Process ID : 29099
Parent ID : 29069
-509716303
-921121989
-1094994082
853199228
-935398871
-1449180233
-430193389
-1388042526
-1655895670
877232503
-1048510497
-1989561114
1194134575
-974581326
-2051374181
1398429885
1172038193
1488118797
373939497
216172736
-1873127721
-236702932
958214193
1470054211
-346377401
-1965782149
-926061958
5608413
-2041891439
55027916
-1264843962
-36148456
359657812
1788422503
1056687121
-1030853396
-427276531
-1466789356
-882624125
-1466387730
9560588
-1645105547
1671439112
2096720671
-1188184289
-1321678072
275674135
1634163487
-299043042
-2077946706
311508552
152129970
1128608838
-1289007184
-2079536676
-1564123160
-663751448
1352320755
-748686207
-613376659
487081261
-1126320413
1150965693
704084112
-495376938
1967168499
1349524830
-1618705262
-545742196
1600003584
-1930288171
273798380
542158765
2109792400
-780939920
-303793680
-1019136590
-1024352553
-843505496
663065112
-639428679
1176040233
1834084482
982065703
-1841543803
1551140477
-1232851813
1880066914
-1903983460
1930008374
-1577971214
-1221777926
260741854
1925535289
1276112568
-1203333183
258616620
-1305023874
-1712228014
1849819848
Execution time: -103
Time spent for reading file: 0
Time spent fot sampling: -1603286297
