Process ID : 23614
Parent ID : 22819
-720574701
-260518898
-191936750
133893292
253492095
-1904026023
-933668737
-422350197
-1928118633
1430988185
-1576003626
359531234
617702708
-148965605
-812735724
374208306
-77650787
1499772451
804146687
511377336
1217727731
-534200892
1080287847
-1886884869
389333228
933525948
1899599772
-1000825833
1716670429
-1443210067
748141846
1671971703
997702070
943480069
1396485264
1535901145
55027916
1118337081
1262712781
41772608
1259786500
508700145
-2041963723
-1474921008
1753178975
-1620381748
1345323877
-12801363
-1952973863
-2144189044
-400268196
-1796336938
-1720847560
1743200504
-965175997
1498447800
-389110712
-1023754154
1438182263
1101459356
-429339914
-1900956664
-742233142
326749124
-748101331
-566417538
547525890
242225148
1062949999
-1927914558
-2144443753
-1631665578
-952475402
1242516393
275674135
2077194243
2135407740
1233474936
-1807582494
-1880028016
589342328
1253074699
70203543
526498480
2145650627
-1187689453
128052437
-676233433
-2016381114
49216624
160990173
-1320474302
-99898047
-1454537095
2145052186
1770061941
-562909111
748626560
1056687121
-1552728975
Execution time: -282
Time spent for reading file: 0
Time spent fot sampling: -1603272736
