Process ID : 30053
Parent ID : 29069
-1642652659
1548198112
-1420364415
851661428
-985718056
1325333406
256501424
-1561259479
-1947354079
1657605883
-1914995290
189711902
-1988537431
-981585769
-1331953815
796544385
1113598027
1842075851
-133267432
-799361118
-2143303054
-2099537253
-358129130
594709685
-737346018
45245772
-251794068
-997602587
389333228
-403995119
1856431932
-1606845466
435055236
-452164077
1310950426
-1799608606
28039028
243362892
723974250
2126686661
-759460676
1309406973
-1760394949
-1033737895
-622811025
-803436855
1322542600
2114243660
-129394471
-1317783258
2140757247
-272315927
1821859008
224040602
925439519
1390316322
1283066431
1175904864
-1916772362
-331027572
-648683102
795427787
-593112049
1937807610
857962682
2044513718
-1826095830
-1347611361
1916304207
-1193158641
1735973151
-642803084
-930024918
806865034
-1017576523
-593700341
-293485640
759232613
1073688668
-237152154
-193262354
-987708962
-114710960
-512070835
1701923786
-701954532
-1981333154
128460672
428118015
428400339
-750332009
141834040
-168766965
1503070582
-2008987801
1702744006
-390274012
-1871415476
1895585080
-1621681282
Execution time: -291
Time spent for reading file: 0
Time spent fot sampling: -1603288756
