Process ID : 25522
Parent ID : 25515
-40623185
-18166126
617291857
-497530282
19782876
522563665
-2031561012
847839960
-1586266570
948873682
1070880863
654107879
536128127
1858879145
1995238437
-353526325
672922402
1447869108
2139727140
-1912572522
1755376610
1249676671
-185768239
373638207
404103253
-2126750926
286741970
-384373720
-1288205744
-745676847
-1575392617
-236457019
-1390671998
1895966215
910279056
-12760472
1403334494
-28730959
65565577
-737451670
925782995
-489609546
1868416262
997057273
471349128
1355712795
2066044980
1194485123
-1824986441
1433768124
-1459002189
-168604544
1307190891
35440761
677138810
1986913785
931063896
725238160
-1521175126
538269889
-964880194
-278467501
-1366706442
-2078749013
-1720203189
-1012295972
1322064265
-1862138581
1049619132
1161731001
1773946349
754331604
-1758233169
1281966281
-1198080718
-205191879
190446504
-1360410544
-519802269
1984575985
-254967056
1867046251
80838494
-1132734746
-1335921254
-2002282257
795412880
906618070
639160946
-1195994003
-1664208190
2005142221
44265758
-1955465015
575539710
89002911
-73318403
56244938
-169080338
-1640964731
Numbers which remainders equal 0 when divided by 3 * PID : 
Execution time: 0:00:22.976768
Time spent for reading file: 0:00:00.119129
Time spent fot sampling: 0:00:22.848864
