Process ID : 25655
Parent ID : 25646
-678698118
-2138644296
-1536665833
-159811190
1331460378
-1602608407
-1264778223
1744044194
1671100515
-892246545
-1251608952
-533747439
-1450343167
477421299
2083706110
1968581767
-1210301717
812435356
1843372735
368443669
-2117092953
-1402992955
797692117
-844195381
-1602296670
-1704395944
-2078406866
-393802444
-1035588473
-1916063640
-444376119
737373991
2084758313
-313498488
1807444436
1743428289
-576709244
1742065540
1154314291
-472821932
165419421
-173234094
-327588483
-289900764
793682586
-696987173
-1863956959
58527378
1429944884
1277363422
-911627682
-1670887479
-313363531
1917073565
363899676
-208621714
1032794344
-874450040
-1570856171
193064897
1139919108
2106076591
1652929736
1674479073
255742211
-1920205633
-1571267293
-2050653581
755116820
-431273476
108663151
129297375
-185151530
-1639048249
-1203122864
897908468
1340892973
846851252
-2037587328
321736655
2068943912
190410846
162070784
-1072697610
345634855
1926587442
1334509886
-1303813145
-188069274
1414540899
-1019136947
-1286643582
-1450242148
-1018333110
1260899914
-1037405139
-749762554
-497192189
-552228330
87549403
Numbers which remainders equal 0 when divided by 3 * PID : 
Execution time: 0:00:23.723550
Time spent for reading file: 0:00:00.094149
Time spent fot sampling: 0:00:23.628722
