Process ID : 25650
Parent ID : 25646
1179680031
1477591619
-1921213375
1080287671
133774915
71478464
-415689221
-1086883
1808437262
2061437112
1920664766
1036499823
685002834
1510769302
1337625576
1397116089
-1186247938
-1650879253
1067099864
855420253
447980471
-132928130
1165252529
-1550446596
606884176
-1323311919
72824263
-2114984881
-1996419496
682065928
-249689750
1648689757
-744387954
-1296418836
1248895775
-1160839639
-6367843
-1841687135
-905133364
-1333494098
1141090837
-194497340
877982170
-114514941
1201059356
-1851731099
-1185159793
1161731001
1039132704
1712093551
287942547
-739627247
1931296942
284264928
-912992327
-442475226
1319692638
2092837423
-893318840
608905007
-620645969
801196486
-1720885746
1127928761
-418019386
-165993944
-621000243
1930170765
24454899
-858068375
179620366
1839942092
1516029932
958533530
-2118954980
415783228
-1824579673
1084949488
-1250868300
781351210
-424931854
76782502
91593823
-1318301651
2029820778
-1534811350
1954993823
-1705822340
-1540055741
168819203
540043869
-94878013
2083023230
40019288
60878467
-1747092389
128299431
-2013055822
-2131915980
1227626290
Numbers which remainders equal 0 when divided by 3 * PID : 
Execution time: 0:00:23.561481
Time spent for reading file: 0:00:00.074170
Time spent fot sampling: 0:00:23.486822
