Process ID : 25654
Parent ID : 25646
-430850145
592909402
1636992678
598797796
1102533472
-1889990295
-1552150706
1215427269
1210894262
2006291303
-1827664179
-1892561899
9156991
-1512972213
1808766483
1462961230
-532213933
1982361173
2110881595
2057236525
468476504
-1970520826
2095364290
-1879495743
243346359
-739190026
648627570
-680176952
799742288
-608872573
-1446622115
-2055562708
712734256
-87202104
-1169838272
-813718967
768229071
1447347438
-1917543858
1997675231
-1675759523
-1890820975
1087257241
-506906629
2099409378
-1816938099
-1608263052
1987201095
1627653139
1651178132
-1989494775
1200323015
534743377
-741414878
390923773
2081174473
1773891781
1994224790
-401176008
-1519081846
-391839740
1594550423
1290807234
-386851107
-1932592917
827924501
-1864133844
-588596866
1482773600
1847369598
-1180164513
-1582946729
328049332
646557616
-632437523
-753025243
-172997412
1744283861
-1741755171
-319417422
-1850747251
-1410665156
710192060
795126092
1365287818
-815792359
2059026180
1502498565
-616414816
774417936
-670646216
165139718
-2141864482
752412730
205422628
-848332050
-1891968642
-2081496546
-1863170313
681181620
Numbers which remainders equal 0 when divided by 3 * PID : 
Execution time: 0:00:21.959214
Time spent for reading file: 0:00:00.066621
Time spent fot sampling: 0:00:21.891784
