Process ID : 30048
Parent ID : 29069
-1076372942
115844451
-1739180494
119618742
-1449825809
1467197064
1377080509
1907017521
855568924
2072499634
-851844474
-1292247690
1175667066
-1776486980
1603004844
-303888200
1447127588
-1424417189
-1776615972
671534501
-82123266
-1683342486
653117019
-1590866063
1233474936
625655127
-211710644
1462269421
1492502450
163010837
-1858115113
1306195978
-1197739076
1046252144
-1057463467
611765311
531961266
-357295969
2140144344
185998288
1125829617
1999798417
-1764923479
-2136479310
-529566501
-1383428790
1245116478
-1366046883
-1108810135
-1165278339
1711735580
1279722605
-936032194
-79534090
-1793692803
959556038
-358889474
1118783825
1958234011
-1805498525
920973378
-771584392
798273086
1165313373
1784310202
-1829866141
-499322248
179333404
306556538
122671882
1886998729
-1511404280
1340281518
605086302
-153902341
-1770888736
1973402776
1647145469
-1990026397
-370839563
-1216301813
-2072192630
-842695267
-744314926
-622206438
-833188313
1525357714
657930238
-540099228
-1892279710
-265603862
2012176800
-28667420
-939942630
478868639
2116919582
-1828427698
-1515498791
885929711
1355265989
Execution time: -294
Time spent for reading file: 0
Time spent fot sampling: -1603288758
