Process ID : 25651
Parent ID : 25646
-482550736
1010782231
832216895
-518238240
1922107095
569582951
896011266
63901359
23590308
2145326982
-1516153827
-1771954361
248558557
1417838139
-1965477780
1111132604
-938878323
-1278018238
133960041
435877430
35720738
-592335962
751745439
1697971922
303145287
-1113010811
-1921565682
1153805271
65403682
1835618823
2042218072
992684079
100149258
1381848560
483251582
1929772173
964829773
1508492256
1469969401
-66358844
-1763073916
535307804
1678446716
215805842
682983041
-2116309334
-125878789
1393039194
1227153437
-1131595309
-1708562724
-723316665
523866871
587584874
1456949684
-1237021049
-2031360681
1125958424
-126203416
-1309869878
-151782266
-982067793
1074122417
986123092
243593818
-1873770001
1148636565
1010264499
200421037
1614634141
-475102815
300379276
1687898939
828595161
-358344843
-725517910
-1534873899
1832348629
1722004053
-1589653921
2088513731
-730780724
2105408359
406463200
1238081281
313166125
1630448694
130874666
328889894
-852496275
-841658653
-1554589379
1461057518
-336233263
-2122347912
1640412163
2102796967
-1091318876
-1530506309
336314833
Numbers which remainders equal 0 when divided by 3 * PID : 
Execution time: 0:00:19.986561
Time spent for reading file: 0:00:00.070537
Time spent fot sampling: 0:00:19.915355
