Process ID : 23613
Parent ID : 22819
1586185955
204760263
1360081303
1598133091
1460909754
1192822513
798273086
-1892324155
-2119940297
-175017978
-981054077
-1254575723
1103048860
-1747737500
-349022117
-351206405
1819744671
-2097885589
-1351940401
334272751
959648798
952543402
-1645010212
-2130623288
-1060867188
1789460065
-1013758238
1441762691
755063871
10930973
361167830
103940123
809029115
-1518185107
-1010594405
1401670167
-1511404280
-1452559716
548968881
-182851591
8768787
-274104513
-1223198092
-1303910862
818097954
-1199558093
505587398
-597331251
-1059897874
-1065828408
228339995
2018086368
-457369721
-540489568
-573813957
-250738797
1739116991
-345372615
840957311
1702744006
-1156143580
-1579761126
764680453
667912887
-625519993
-657455094
-1842190268
744912230
-1691670300
-1169499842
1806109567
-1914995290
1233104842
1557273692
929963650
461142693
40159564
156039587
-1689708223
-1425735006
-134458228
388060099
1444657831
1793204148
-962527052
1172539066
-860229273
-1455290689
1742387465
-844290230
1766528408
-1118084838
-1301420441
909269119
-2123921237
1766053323
-570771390
215000508
-24803213
1804968770
Execution time: -279
Time spent for reading file: 0
Time spent fot sampling: -1603272733
