Process ID : 25517
Parent ID : 25515
1679241775
-475219115
1784966632
461167978
-857200613
-1570144249
2069728487
-1484216644
-199191851
112773083
1802756712
-40814988
2100980474
471449930
-59384358
-486246885
-1279813377
-1177309594
1143908158
-517654972
1943211492
1175409351
2048404278
1928195826
1762203302
287354579
199993066
139895083
-644416023
-336075160
-404508250
2126417639
-971336405
1540486161
-801269392
91926138
1938348053
-831310053
-2111817708
-311944914
-1371472697
381636978
-1162343493
-464866693
339646268
276273053
2057691041
1906253140
1565811122
-883721026
-305340372
-46887984
-749300182
-398676568
267054322
-933841121
672891654
-689309439
-468197387
1782137264
-1975366733
1431329871
715930573
904657128
-323888797
-574756113
819005600
-1100346744
-570040052
-1843062551
-1388939319
1334898663
-1962215481
1411057010
-890591267
-1214972822
-1198782052
-1420662711
583997935
-871623834
-2073089715
1270538673
1881010418
1795374847
363604778
1232125855
-1033361017
-402939272
1367219229
43553343
234024745
-1683063365
1461506438
-957159484
-2143871414
-1783189940
1407533296
-1582068796
1959771022
1107670390
Numbers which remainders equal 0 when divided by 3 * PID : 
Execution time: 0:00:22.716292
Time spent for reading file: 0:00:00.094462
Time spent fot sampling: 0:00:22.621313
