Process ID : 30054
Parent ID : 29069
-1129427227
-789247437
-1231249848
543967501
-395906113
1621833452
-1722017851
-1453743615
-495778357
1733187961
16283781
314784917
-1409740858
1775252398
1511936533
1766262357
1094867506
493003528
-1558084617
-538676661
1424273519
626191031
238405618
-247553057
-681876256
84723902
1281857244
1726223411
-1904972798
-814958434
-75748685
-1726411450
-837579934
1232008645
-1983419268
80771307
-1264129869
1170368549
-1729214274
710300132
2044513718
609738547
-1580819335
2011019277
-777274424
223565294
775312023
1791737208
-1503603655
1039357572
-672117795
-1860019272
551230011
-1127123594
-1991527075
2135493504
-707411300
745050071
936100714
-2099307677
1856489005
54521673
-1017190333
-490629495
-750576329
83465510
1815504941
1948871878
-729329297
265863072
-1973080200
221105420
-831374191
1843798239
980435361
-1302661264
2135407740
-272029144
-2105915577
550825966
1183510839
1831667795
-143365293
1834335266
-731181813
1705128299
-876275735
-531235110
1611821769
-1950978666
335531330
1085032527
165868308
-1249100982
957140931
-1066504754
90020064
1973289866
-476770899
736572712
Execution time: -293
Time spent for reading file: 0
Time spent fot sampling: -1603288758
