Process ID : 30047
Parent ID : 29069
-1447981137
690900594
1788422503
-1929006415
1075530162
1091447198
-1644107733
440824366
-662007383
86391852
1263045573
-504299216
-158764295
-881111637
534771968
1841827037
-404429054
1390214764
1488118797
1034835312
488099582
1753701620
-1803750931
79478177
1841408346
819757355
1953397613
1259949769
1895096260
1699291349
-68551785
-927379867
1402281075
929518207
1548498451
606784845
-1097176860
850668804
-495654897
-1066767805
-234486577
1639624713
-2097173742
987209253
715591594
-1900169592
-796101027
-289257321
-1947216564
-1953505606
-792325750
-1798610318
-624559669
1008736270
2011988247
47908256
-644621012
1299831127
192354726
172683311
1980327861
-1564533211
490783790
1262949212
234822876
653666940
749607935
-303793680
258616620
1623025460
-872516520
-134944488
896428599
336478893
795212438
1337384235
1165313373
1791279342
-1932023258
-388435878
257060383
900478347
-686170920
830859829
-840701389
-134657011
-1985028934
-124647240
-885068695
-1065828408
126358047
510335870
-605107043
-545613719
197827603
-2058182166
325744281
1094867506
-1761063807
-1077925941
Execution time: -292
Time spent for reading file: 0
Time spent fot sampling: -1603288757
