Process ID : 30049
Parent ID : 29069
-969621460
-1994054460
-1840243167
-1540675465
-500130508
589517275
2013781211
-405930379
997444702
-179312081
108670992
-742233142
-1657035333
1344447807
-1772531754
-1613766549
-2039751611
560788667
-1756141534
424033079
-1336587590
1477839784
925103360
-175017978
999909765
-228578273
543132529
-1113791203
-1011706403
642679406
39325034
-2069830678
760381283
-1013952214
903825697
2067859723
132695282
-2132664727
1002923413
-1340722641
1884502587
-866230299
555304580
-118076538
1475160983
-1770173358
-41054478
1978439518
1055718870
-670068376
-1181496594
1789752581
1290075594
1973177079
-1419676384
213943958
2044298318
-122438764
-1958393300
329644849
-697742224
1953864436
-1765999996
-359875911
1914931076
630009832
-2011322182
114845948
-1057302268
-1930750783
-1640815635
1767045975
-403573384
266256446
2049584753
982446910
-1436067709
1355946604
-357295969
500819667
-316926
1791279342
1220537357
1449648593
1623200774
-1696670976
-597311466
-562909111
-1064373770
1370564635
1196417150
-1151931886
838074350
-625519993
486874863
45510564
-2017466493
2065021942
-1329838605
715456252
Execution time: -293
Time spent for reading file: 0
Time spent fot sampling: -1603288758
