Process ID : 23616
Parent ID : 22819
-1826152261
2026982012
-1186359779
-1117700140
-1220531761
-932092547
-125161317
45245772
900478347
1489423736
-694651933
1128358857
536932444
1568890153
644558494
156398774
-393382712
-1169185262
-1861441763
-236341163
1152320486
-1268953241
654732570
878883336
1922067163
-1866135288
923372207
276513797
1619286646
-168766965
687789390
-766077954
1799882651
1495859516
1040875305
-656859358
-1383428790
620719999
-1817479566
-1953423415
-815662623
-28951420
-1113791203
-1129427227
-868133356
1307406111
-740891667
1131149100
-951591835
1325333406
1953864436
-640873242
-439146254
-1104259333
-1003739386
-1499268633
-966676490
1137527176
-810949038
1722223935
538453116
-1500957502
-1037563996
1955634516
1097045251
-65902518
611765311
-1615155219
433799336
913332735
-442573681
-1608048030
-645870576
646374454
-1624652929
631289185
-769539322
1622116520
-731395731
2017726656
865635580
2106699349
-532896657
1409221919
1030929943
-729381020
338708857
966514817
-1422359584
-1067027364
875830598
-1262848947
936926686
-2074190146
-1059897874
-259167162
1402243738
-468544333
1518178986
880157409
Execution time: -282
Time spent for reading file: 0
Time spent fot sampling: -1603272736
