Process ID : 25516
Parent ID : 25515
1233707362
-100818613
-1072542387
-2049398914
-862043849
-352394540
488643789
1553138440
283598734
-1792130109
505422549
226842765
-807208422
1833421452
-1183264304
-1148859198
1646579439
-402144106
656528275
867645469
-506824678
1290115434
1333634990
-66580200
2052475072
-2144497248
-386021856
-996419588
-369563034
1743601681
7576880
337406634
-336233263
43646384
336161722
247279232
-618096525
-444376799
-755931490
-1128210049
199866200
1824478806
-2131325375
-212547405
1605480111
1265464384
-779280633
-1441012571
1862374233
-779961174
-1420531201
1084967729
2135164035
-824199821
-1279013854
1691999185
1630233570
-1500275617
965953272
-1071120700
-1092272327
-1273958385
1059451713
2105601413
-204794182
863026623
-1698298017
-1434162253
-1592865409
-794108206
-451394745
1001066882
-311354043
1489606887
-1585199930
-1085104378
373427828
-1856339163
-987283834
-525620864
-390794077
-1533778439
-952936389
-1217390428
-1576126298
-626122498
-1025884305
1920313457
1160962165
1653365032
1394513967
-1253574684
1783611937
-257253561
806174750
-787259077
971459898
2023649674
1523473778
-923687582
Numbers which remainders equal 0 when divided by 3 * PID : 
Execution time: 0:00:22.110533
Time spent for reading file: 0:00:00.146776
Time spent fot sampling: 0:00:21.963071
