Process ID : 29098
Parent ID : 29069
-1933417470
392786641
-620155419
-421093297
-640022123
-972873740
1600099167
510335870
1141147496
348487196
2088985769
1943473175
-1121388197
918335084
111565281
345399454
1033540033
-966941267
1247756722
1512656793
-1003383513
-1930873524
-1303708973
2010697585
388494121
345175186
-1118084838
-105992162
1973001748
-1124946915
-541034437
-338128315
-1635324483
279998673
-133593923
359657812
-430193389
-1160861295
1153965807
-100392239
-298280129
86884586
791984856
-1182723412
1069324157
1350554706
1117381765
317737864
-1979517162
515602039
2042049313
1483029559
1140229362
-1392245435
-1752210706
-1433070765
-1851918615
-237340988
-1949862330
-2069830678
-2023184409
192354726
-1046221585
-1659157653
620248481
-833326223
1971006333
1878614675
319812176
-396611522
570909828
819750448
170157926
-826619277
-1869921718
1140667394
-1423682310
-342675295
951505175
2044182261
-1620518506
-241512047
-1642652659
136043934
-1214178207
-534961550
931077210
-897498020
-1963297490
614614591
1879030219
-705582234
-475478808
-1103979199
-141140047
1040875305
1853487670
-1639974830
-1776526815
1571443125
Execution time: -102
Time spent for reading file: 0
Time spent fot sampling: -1603286297
