Process ID : 25653
Parent ID : 25646
633565220
893427477
1894041800
591492828
1223527431
325591949
1697298396
-1896039827
775622715
583811764
-7849807
-1457068050
-1883950547
-913030430
-2109565651
-1949550355
-1992978541
-1538629503
853171380
-1858146748
1077105715
941591198
1489753842
-627827934
-330146544
1095389535
2004643874
846916789
-737384980
-756457948
-498363620
183533894
1025255480
1396201476
-1588614938
-1922213040
-1269772980
1587965377
336309479
397733155
477111269
-1878122538
386724233
-106173052
248301638
-2104563037
1951493616
261184703
-1452456356
-1961701501
52190547
-2117694246
1890567522
-1768088528
1460168774
1189220741
1831722352
1608056242
-1136719939
-273855330
147523384
746868461
939340293
-769557022
-1135108498
283696216
-415762152
787066880
-305915669
1390578487
-2060593148
2041564718
1935457307
1691682610
-531928489
-589982873
219094841
-10924421
-321613334
-1271892157
-1275501726
313211899
1643219619
903723443
-1134449987
1666683327
1457309329
1782437849
-1502248769
1262018066
1133455883
2066952245
-2074467334
392008888
1210894262
358830946
-579238419
1628088657
-1329137153
88819756
Numbers which remainders equal 0 when divided by 3 * PID : 
Execution time: 0:00:22.342262
Time spent for reading file: 0:00:00.073844
Time spent fot sampling: 0:00:22.267573
