Process ID : 25652
Parent ID : 25646
-575457448
-205157571
-485038253
-1459304274
-731995174
335350618
-120755386
729065531
-99855617
-1133712274
-1557711085
1487207258
751184504
-1816064427
-653408149
455676756
-1629505959
-2145268356
260675393
-49479809
1761642276
-817972398
1139946057
-639749030
-1924247074
-288348631
-1211980857
-880244047
-2025472522
-1022358250
23241272
1216562605
2015773487
2139717751
-1291119822
-1605782839
649314989
1481386945
-1862548548
622069296
784810576
442577128
1863279323
1034639711
1233863245
1482079435
1487572862
719405762
540842665
324948749
-2121596889
-1913420886
2031871282
1478024579
1986574960
2096543743
1795139081
1027367593
257375893
-1748194475
1321676016
-1739672693
116030464
-481374598
-395904435
-1883716610
-461937759
953828891
1248390373
244394484
1456206984
-1809244519
-1168219752
1235915149
83437701
-858618593
-1134147847
819314419
-169235145
-121880616
765931068
105804994
-625571729
2098446650
2070738483
2081146679
-1084988413
-841658653
-763359230
1220660857
1985549749
-1041728400
1015401224
1026662595
-1353218281
488350914
1588964499
-2040824724
-840424109
393436235
Numbers which remainders equal 0 when divided by 3 * PID : 
Execution time: 0:00:23.322889
Time spent for reading file: 0:00:00.072414
Time spent fot sampling: 0:00:23.249783
