Process ID : 25518
Parent ID : 25515
1599622025
367132129
382261821
1285619167
-136295018
1291472918
13518846
167970837
2135324503
-1452160014
-2106058759
2131629844
818169660
-1204037452
517840450
-1807851159
-1158581601
69043553
1301319136
-182730520
-733496014
316798818
-751790921
-1751106311
-405776894
1168688831
374053711
-712097981
1208992428
-973433963
1779512344
-1948220778
1824166407
84589009
1832988699
-1535945536
-1297714012
12046222
-297329557
973818505
1747501272
-449329637
326348543
2052459412
-1836369984
699344824
-1725217983
-1495549375
1463479283
-844469807
1270778044
-1811733027
1821236581
1356429221
-166542225
1249476005
-163218626
-1705619602
-524260292
-1213101755
-912452496
-1691043231
1782519191
-2077083574
31628850
-247705146
-1557116437
-1978842747
1067950589
-1320304741
-919173710
-858804767
-1729705490
-268383116
-1839348670
-498393785
-1801571170
1510986168
397973252
-670646216
1365078017
-1486833606
-915318033
-496504342
1450327805
-1122178126
-1775327150
1661263572
817993754
959592807
-407191741
1700317051
-1087896376
1515635476
1154088937
1432537396
-361895492
160081151
1402817861
-1224888114
Numbers which remainders equal 0 when divided by 3 * PID : 
Execution time: 0:00:22.203987
Time spent for reading file: 0:00:00.078812
Time spent fot sampling: 0:00:22.124493
