Process ID : 25656
Parent ID : 25646
290261401
1434023714
-831021812
-1613072540
647847181
8623565
599039250
757961384
955824109
-1711412507
-1827231174
-1287481252
1002042770
841013854
2142367875
-1824917231
2105406189
-403909069
-644416023
-1722226737
-1861549484
1859950972
-1178512863
934108592
-518481034
-1719303169
219175730
777067915
364551980
-1571199081
-1328441886
2052129145
-446657904
70709717
821030580
632722097
1267444637
-399068041
-170251685
-623731635
-1309479332
-1972469936
-1186425280
403256056
1690832580
195084817
-862541916
2089214901
412049439
704439039
-1140876858
-321678641
-428599889
105910251
-1965512514
2127736993
-1820237809
-1290088387
-496262039
-13832966
1054192394
-658826008
-1059346740
742043396
-2021787380
1611433758
1733394011
48458863
301971404
121545470
-1848059854
-1121225507
-1832854283
1420065806
191961879
901232955
2109469081
686999870
-2134652221
-1916590094
-17054955
1946285480
1849335884
-611588919
-2039306803
1170362971
401082097
-831632367
-322171177
1706529132
-225101742
502447211
519045407
-1167743545
-1641054536
-1430713072
211693760
-1823207718
1440937805
1148179097
Numbers which remainders equal 0 when divided by 3 * PID : 
Execution time: 0:00:23.180203
Time spent for reading file: 0:00:00.169858
Time spent fot sampling: 0:00:23.009649
