Process ID : 25523
Parent ID : 25515
-933936718
1295470724
415964902
1729561167
1094756299
1388245612
-2128259823
717047085
2094086191
-1883938177
-1233546665
-309855109
414007243
-642871766
-832110005
-1848933210
1927285109
-672900007
458200319
1214757876
-1450758029
1935455070
-1169303651
953687030
-172287191
492610821
1168347751
-88571400
-433441162
-600077163
1519266862
-1138162213
1881931089
-1188483376
1941742500
1299645271
660197118
636397123
-1944592270
-995593550
-2131604717
-917873324
-1368290270
-583526009
-1537427242
-750048957
-113768102
843358535
-137143097
-1593841833
-589421575
1937189065
1761282908
-504951105
938535442
1459043607
-1761137539
1757153802
2099290702
1437996697
241060536
1099959910
-1210091457
-952263203
-1341556239
-1216374383
217769093
670325495
-1138232807
-2048246217
2004951509
1646922150
2019932220
1143651778
-617286299
2005217796
1047656840
1109316890
-633421430
-816184728
2104608779
2119549480
1996646256
798932639
2043746694
-1342713956
-2139979326
2121761098
601940957
-1217883759
101480348
62473770
-1667897481
-1993331475
-1586040537
-504124715
-1937757031
-834195665
-1876493628
-493665411
Numbers which remainders equal 0 when divided by 3 * PID : 
Execution time: 0:00:20.479937
Time spent for reading file: 0:00:00.096329
Time spent fot sampling: 0:00:20.382982
