Process ID : 25521
Parent ID : 25515
-960881958
1643494211
531454490
-305931484
1606907381
658910830
-1485921641
-98662482
-1271571467
-1233946472
1920283620
-1827754122
1082163851
-417068989
-1036350448
-2129254366
205468064
235273588
-63300008
-228797011
-1273822031
1649115568
1422397857
-96298801
-1642960938
271491938
-1371402391
1995064269
264812377
-215208110
-1172100135
-1193000179
-413043317
-1441437298
-1592865409
1576781323
-1789871614
-1962098922
1863331773
-1911318384
-1677697187
-1224386098
-1831157601
-1821140232
836400341
-933106821
1621727445
-375099056
1592558241
1448360480
-2112128766
209486646
-90195044
-193157300
1174034552
-2033182603
-2119559514
-101982183
-653067959
2028913225
1957097719
-1944353829
-372251342
335732977
2120792123
1845732929
1794048711
1292459969
960948324
378285917
1437445284
-169997002
-557539303
-1982494685
1269342672
-386424662
1585967318
-738091227
1374416589
-208615597
-1725814405
1251451188
1372715886
-284876175
569590059
1599980966
-1588948698
-1963744373
-448883200
-1644454759
1848717892
-1908947733
179019734
1546624825
-602369676
-2146036048
2134914475
-363648217
1454911417
707226463
Numbers which remainders equal 0 when divided by 3 * PID : 
Execution time: 0:00:22.731914
Time spent for reading file: 0:00:00.120114
Time spent fot sampling: 0:00:22.611188
