Process ID : 23330
Parent ID : 22819
882786233
-131572484
669414548
-1323003612
-1099868881
-1576003626
1774267499
-2130150257
-1292247690
-609655982
2123466518
-1218341126
1167178666
-1005139113
690225247
-204344047
-112436994
567551410
608555869
-627486910
907622324
436750666
478868639
-199473395
-1421459381
-1393957261
-1807582494
947601171
1956514619
-1551377247
-72293512
2032521972
-2072908448
1086007057
-1233493701
924970581
-804778457
-1013471956
-1653662346
1975301181
1266074490
1519080377
473325401
1528614312
-1376421855
-1339772949
-903535810
-941289390
921114153
-1525333345
-2064033584
-1994742438
168238621
-1251596635
2072661179
1427903713
-32100123
2108414215
376513675
1002923413
876741460
920771097
-1555743229
-268380601
-486371152
-1650211343
-1956780676
1797529541
682505413
1406864419
-2017466493
-1384920512
241709774
51476920
-953215346
339372121
53569968
-2040555097
1695442561
-1436067709
2145650627
-1804045330
1120157574
-562467856
1211071347
967838385
1161718685
615560578
-1193508180
-487313017
-1520162439
-1439423370
-452097608
1755690282
1666917200
1456073276
-178541485
-2066885551
1331146868
1178827017
Execution time: -83
Time spent for reading file: 0
Time spent fot sampling: -1603271856
