Process ID : 25519
Parent ID : 25515
-634386274
2066471066
1317215678
-654699096
2002840989
1404101333
-2006302271
147849768
-692377880
1476700458
-1282354601
-765311924
1884902625
-1268811124
-389956026
788600259
-1600722922
411519588
583852530
1585535952
1858307254
-1512001800
168994884
-1173694727
-2099945069
-1285940063
112801142
587179105
-511470466
-386449865
-231253868
1168294271
-366087303
-208530489
1749527351
1634516075
-727462134
707580839
-1602293821
-2032222356
1129079059
890968115
-509781332
-1211000883
-512339677
-2039075465
-1358760728
-1587042923
-742779656
-1564276495
6912969
223781235
732687958
961443686
1270151652
1397910360
-1254910118
-2086992983
-436776500
-707039954
895716198
-1155515890
-352676983
-1078773742
-864754127
1554813905
2087610750
-909140143
1604007058
-29669290
-519197430
1154934152
-258740179
-874698410
-2113198193
-806365293
-936941709
1711344473
428793783
-621409176
-781316278
-1304888067
-1484278884
822331977
-161716218
-1731000383
-1398125212
1006118991
-1466752597
-373430481
-1034613721
-1514177032
-1686977187
-783598267
1751427061
-2119006984
-1439339766
-1600416590
-254070436
-1723362341
Numbers which remainders equal 0 when divided by 3 * PID : 
Execution time: 0:00:22.180433
Time spent for reading file: 0:00:00.106358
Time spent fot sampling: 0:00:22.065164
