Process ID : 23617
Parent ID : 22819
741517060
-1878002850
1721364962
130610641
-1586423443
-1727644439
-2135703565
1472478381
238955290
-1821906911
54700214
-1113400621
-1127399094
1461494240
-1798430135
436523751
-1335362710
-66959150
-599479414
-1048510497
1330901261
1511003330
-955462250
1602756409
-529566501
472262888
-183355686
1498264484
1882623765
930037126
1212769320
-517990780
2047886612
-136111918
-1786672529
-1416728511
-314521205
-1344670269
-863461298
-467477465
812598293
-133593923
1325012038
1649979695
405676785
1299706740
715167464
-1952935835
-866157800
-561625140
-1558976387
2142832088
1869210592
-1591681928
945218761
1427903713
-795755630
1822442219
-1353444167
-1180099341
-1020273993
513596220
-1476497686
-1454537095
229037150
-1313124930
768387686
-419451995
-712021240
-335453140
1095224459
-1419676384
1263745138
-358954099
219591120
-1197590934
-1141465624
2006605694
-907513048
-1477283305
-647675171
-1812074894
-679898940
1673046570
144324893
89775217
1953397613
64299930
1633463755
1251933349
-1853942717
1930088273
-873401675
-1075335084
-540379731
1551154733
-1704238035
1999755091
-434609966
-1278515728
Execution time: -281
Time spent for reading file: 0
Time spent fot sampling: -1603272735
