Process ID : 23615
Parent ID : 22819
-138055682
-1904026023
909659108
1400862222
-70382981
921057650
2028702288
-904321513
1847140099
-1479427231
1332536712
-910006357
-2080912114
-1579761126
1801624728
975553805
1973001748
1446179837
-619392367
-391910561
-492437676
-681968528
-1588686575
-1188556259
-183355686
1458670316
-700269755
-1297431325
1739116991
833758273
959648798
-576638671
-610425882
-1135481867
-738387659
1617009880
-1592724143
-641682980
1698550286
-407545597
1011070430
1515199185
197008775
-185118249
-550828786
-750085785
1072270091
-792410996
2145833729
-1559050994
-437962021
1771122756
49216624
1178827017
-1035562972
624980781
588082852
1156496113
1999903792
-2119940297
986332735
-613260528
-1946574172
-998003870
862196901
663098286
1351890413
-580003363
-960605218
-613376659
-1042407479
1323153667
765535293
2114113921
-557794923
-1727136786
449592511
1128633949
-2057405299
1433809993
1193847452
-395792204
756012082
699061107
720577031
2054789422
990074241
-1577678525
-282501790
1477775399
-1582117038
-1236314197
1047862377
-817975042
717760469
-773118828
310279763
-335296440
796595293
1288527691
Execution time: -280
Time spent for reading file: 0
Time spent fot sampling: -1603272734
