Process ID : 25657
Parent ID : 25646
934517543
1841191806
-865688164
159069700
-538079958
-1473703620
-1842859362
931207757
-32206149
-2123087972
821265930
-142820971
2105315020
718843633
-150745906
1950387604
-542156248
1821638564
1678322568
205505312
-2028548932
1896530595
-1897808181
2081454881
-1128782371
2038612674
415606092
1513797114
-1412762482
1089207807
-1282712283
1104893178
-852329620
-1432780729
-82497946
659766754
-1511323554
-662137021
1332263984
352421996
-1989025997
-203396742
-1468701735
-1111701948
1981056681
1845173985
-497530282
-306010316
1218058847
-2141174964
-1506773428
-1889366985
-849986388
-1682234866
-496947050
411246580
601510186
1269550444
-795661619
-824568545
1806400551
-431843855
-880483931
-1150715705
1320790096
-1220752962
955104569
1937604933
1329811953
1392268923
-1471024989
-223225821
1582450176
-1308363123
-1952206648
-1003787549
2087310713
1492094309
55168108
-1853178664
1147893162
-1170632187
74019632
-1925776839
1673614602
1247467923
2026199562
-25932311
624678315
77075516
555029728
-1652246259
-1978494131
525489591
365132820
1130187244
-1846866474
-1589609521
-659687615
-966868946
Numbers which remainders equal 0 when divided by 3 * PID : 
Execution time: 0:00:23.515334
Time spent for reading file: 0:00:00.073287
Time spent fot sampling: 0:00:23.441251
