Process ID : 25520
Parent ID : 25515
-1500469441
-85216306
-392128822
1253319839
1768403352
-1561536556
2011144197
-1600878372
759669858
185255537
964878093
878821517
-1964145348
-1525179235
2005568418
1247967794
-1147454287
-1483054199
-1723171538
1554520035
341181121
-1135284655
1095446049
1037186893
-1283875396
-426352992
78873662
-28899223
-1371062705
-548006585
-265701830
-37240548
766219677
592282505
-47903722
-1770810860
-23810558
859115890
1854831196
-782831468
481860500
1812530771
-113458806
-1708915491
-119968665
-1782577644
742394900
388197782
1492924718
880877567
-1977303700
954932293
1779214310
-1681633478
447904587
57236599
1250751095
519640524
622857091
14406564
1063440658
300687315
2143326324
1816904409
1943211492
-262200476
-1701686291
1306217858
-270726056
1017695509
2063080865
-1884461251
1027669846
-1026714612
-456079153
820662575
-516563466
283643500
1595389546
1560171623
-610970303
1080168437
613726170
1045147399
139972928
-503140231
1292092012
-322214309
888353958
-36291262
1986989468
2055763003
-973542873
-55613602
-288206442
-660511749
-160470049
-1177116159
1793480651
1266656785
Numbers which remainders equal 0 when divided by 3 * PID : 
Execution time: 0:00:21.346375
Time spent for reading file: 0:00:00.097098
Time spent fot sampling: 0:00:21.248644
