Process ID : 22738
Parent ID : 140215473645312
-1524721413
-1000094207
-1029938368
1602623234
-298140652
91942803
359440489
1070897408
-1564533211
-1481181593
767184127
488294880
103797127
-453321726
-401305574
1285339024
-534344460
2057447526
337018350
456315858
-1443337341
1470564642
-841686513
-1355042938
954478360
1869694066
1553668352
-1215774127
-2146758646
675583382
-2082821136
852892834
143658118
310123323
-1804254211
-1754598829
-722667823
-161185805
2074976556
1572605595
200071815
-1021199214
-1477283305
-886827083
429752829
2140757247
1029792626
-221504582
656828129
1575294411
-446108765
-1625542623
1788543693
-487322798
1424273519
-1408116697
-1646008794
-170653759
-61371996
1063853330
-1073443058
-1100265713
547525890
-637980793
-321878899
1895300495
1034805757
1521442801
175786423
1925535289
73440385
556611933
957444070
-259167162
596235160
1675913316
1351865946
-2034763740
-1150619728
1534587097
-1058547082
-1689893362
926620058
-1755961186
-1836682727
-758176524
-1794995679
686063793
-178494424
1048343525
726464295
2072499634
73870731
980924024
1904574335
-779366439
-1992476384
-265029599
-362018262
354275719
Execution time: 186.16839909553528
Time spent for reading file: 0.034072160720825195
Time spent fot sampling: 1603284854.3865378
