Thread ID : 139936684398336
Parent ID : 24981
2077089152
1773891781
137310003
-817885286
1973762105
-688451645
-742221483
-1774358800
-57470297
320761352
-75937793
1468002402
-1473772183
2112871097
280415785
915533883
1360653337
2043136311
1069172948
-197735848
1881128851
-135500022
-601309073
-1213088954
1568971833
1952499137
403071015
2031227530
804346691
-2019320400
1268545140
1918077163
-765456774
1752104335
-1150781914
-1234235314
1484499901
-649677830
-2105831843
1406341448
-1655555246
1427245610
-705833742
801395932
1343956927
1734674356
-1646303855
-870919966
388387872
-1636186121
-690199625
757477063
-1725427575
464600692
-751279410
1647307099
-385417475
1752321722
-1619893966
1395621319
1464817310
868550565
-1805914239
-653086791
-2114504765
1245043806
-2011389544
2016165804
960795732
-1556242610
291679344
732882558
-1083652048
-828810665
1311507448
82540487
-1892796047
-853714881
-1133712274
-834290733
926834310
-1131587040
-906166019
-786785778
-1560117698
499041136
609327696
428658868
-1386221486
1363074224
742105415
-797756603
-1887636900
-1010472160
-108318326
378582487
1784954441
-350396922
10499368
1975315963
Numbers which remainders equal 0 when divided by 3 * PID : 
Execution time: 0:00:10.325425
Time spent for reading file: 0:00:00.042638
Time spent fot sampling: 0:00:10.282396
