Process ID : 22738
Parent ID : 140215808411392
-1434660440
-1013758238
-1937734069
-2007546083
303154640
-895771057
-1383428790
1987243166
692047636
-1801209734
-2099722751
-1881122917
1598133091
-1947216564
1068253479
2072499634
-116042970
654732570
1787477286
-305260128
-785556105
862112034
1181865430
2060757982
2022213500
-2006847733
-1787843436
1451623209
-1807118747
1777422481
615188395
906222444
1308335168
-648378903
-1224842979
1029792626
190182851
1304827785
103797127
-941289390
1590046088
225347353
-1699645208
1426222302
770647487
349788985
1006554582
142912735
-844290230
-475325990
306556538
-1994496690
-1480622699
1046275518
-969943176
-944747929
918569465
-1555222648
959556038
1864954211
1914497654
373939497
749774674
476704442
-1278515728
-258798084
829815613
-1331792268
-370079080
1894454829
-840701389
-581888253
-260510992
1339851015
95073100
-1960250999
1586552498
-1513164034
-247445265
-52695341
2050762267
-1526041081
-1554175462
-1143785707
-1371694183
499777407
1183418284
1557417126
1663326903
179333404
1512978579
-98127121
584603134
-537248892
-1219842279
1290345589
1695442561
1783898997
-145414104
1768239674
Execution time: 95.78648662567139
Time spent for reading file: 0.013078689575195312
Time spent fot sampling: 1603284111.9566412
