Process ID : 22738
Parent ID : 140215465252608
-41054478
1486322580
113371556
-183718576
-1640815635
35295963
1167013974
-1315366419
-833188313
905252298
609785389
-420699484
819757355
271545394
-602815860
-1696734932
243705167
1930008374
1096121486
-1907759826
2076343312
-1452305714
788731520
-1326599469
-1609170090
1625421785
-1950978666
-1421949841
137047936
551230011
1016428986
-936507039
-909469539
972512507
-259608288
-1817479566
690900594
-979538601
1895747795
2077926751
66530311
-354902351
2064375120
1213863322
1934782730
1264068913
237252689
1995618460
1668802825
1183404314
-437907493
-1856146791
1868018571
-463056964
-710556584
1711979828
-1730034088
-594234532
478529919
1617318036
1479676921
-1089876317
-1966499054
59298208
-358129130
764334175
399773518
698885014
1375946294
-1426632219
731021085
1291229462
-632750503
119884330
-1274689749
1813701100
-84273486
-1529026903
-139788352
562766060
884584783
928709660
-1125434823
-2105915577
984282433
-807378062
657156496
1289119611
1978226360
923372207
-1623512405
1008602556
1979975858
523825566
-916589501
-2079520530
1729625656
-1251620241
-257745458
1002948109
Execution time: 184.58829474449158
Time spent for reading file: 0.04458165168762207
Time spent fot sampling: 1603285038.9750366
