Process ID : 22738
Parent ID : 22819
-153902341
1349831479
531961266
-1361013011
982446910
-767503030
1707581553
-1104419033
1174965884
570217329
552565320
1970494057
-769926309
-1233147710
399257446
256222292
280426954
-1505867602
-2119676740
2107081846
-1393957261
-453224534
1121520142
-1300214738
112339502
-852020334
-1472549012
1176236326
293499624
-1461882434
1222809409
749774674
173225611
998805282
1459415105
1067636459
442562523
1859919813
1928755625
-1451899296
1709078248
-965804804
1770995604
1503906732
1449914859
1821107082
-418579015
1887728468
922043207
1865187018
909659108
-1875146696
1952711044
78921989
-539178243
1911679508
1696373384
-1269380049
-2005436438
1583607501
-1023039733
926270292
-444414991
810596666
-1831587977
2105286316
-1926976034
-882101858
-1127399094
-690012681
526343660
1693509333
-789247437
-1959310540
2072661179
-336460678
2000674913
-1856364297
219455240
2035489784
405065753
-1322906598
-455024231
-1662138963
422360748
-2144189044
435055236
2131053946
-1408781815
-228618482
-1883241693
-1062413976
-1867830704
863662669
131267477
-1866014328
682052086
-623332880
-1260254160
-1800235781
Execution time: 765.7232491970062
Time spent for reading file: 0.2780797481536865
Time spent fot sampling: 1603273759.2859862
