Process ID : 140418830288640
Parent ID : 29069
859532829
2002448034
957140931
1427706182
-755678976
-262920712
-1992738739
697955232
1441806945
-921693929
-1794690657
1804250327
-315039317
-1238007075
1768224713
-1371694183
-1048510497
591529355
-903763785
-1377044669
-1984222683
1667092097
-718681356
538657635
1775602691
1247003393
-1816117323
-1170783291
1829677461
-682573901
-688041709
-1108287253
749999500
-1952935835
1538278919
-1225814131
-358000528
-94593307
-1013758238
-774701384
54557373
-1396807679
-174072421
-1010272312
90020064
-5100659
1249466353
-157585868
532484559
1158361345
701711522
-1713026922
2145650627
2021566271
-1492319049
-1298900547
1406864419
1041428374
732012163
848003843
1291229462
306556538
1821107082
-2130519678
852892834
-682691393
526498480
-1917414765
-444414991
1637698596
-1178003729
1670664187
-1726453935
-719780349
-408696639
74014155
1279030139
1051076896
-723855861
-2113004079
-1226642040
160338456
-1556230583
-754390667
-1226190447
1241816761
-613376659
609785389
-1322906598
-1872745235
293869264
-218376194
-748233583
39325034
-1509642578
89773961
1869210592
-212238907
-2005833324
1131149100
Execution time: 276.8411273956299
Time spent for reading file: 0.012930631637573242
Time spent fot sampling: 1603288148.6934068
Process ID : 140418830288640
Parent ID : 29069
-1624652929
1798113099
-731948274
-1237613491
1735837493
494946591
-1689139200
-479017677
266114965
-1614680306
-331183969
-1205859959
1070897408
-1903416769
-9647004
-400634580
-519342309
1038012809
1442457703
739418002
370654908
-605319688
1406614653
-1920017742
1573343805
-1624770824
1489713411
-1566133552
-754236525
-795021281
-296868845
1985637755
-2001956508
-1467652998
673666862
-903133133
-1492537512
461142693
-601623449
-2021454851
-500903208
-1203130379
-156169796
743939049
-304338355
263418088
-234077845
-1441010573
1233104842
-528868302
-737346018
-1779342451
-382908188
-1408781815
1152579931
1547328366
791716064
-1688021908
25546963
1743512664
872258986
1590759652
1152469030
1605374366
-1345743732
-1696670976
1410922522
-310836487
-1303099352
327023726
-1635324483
-1583261469
337491170
364467328
1296592264
1271882273
-518699003
-855851760
997092544
2104091577
-217357879
1424389223
902865319
124050241
-349454385
-1739588403
2002142960
-2035304091
1980962710
261506231
2115360178
1927885340
-1584074249
-1704400831
-1904820220
1963047788
-28623050
1647932707
-1600656262
-2080644845
Execution time: 278.9367368221283
Time spent for reading file: 0.009897470474243164
Time spent fot sampling: 1603288150.7967784
Process ID : 140418830288640
Parent ID : 29069
-1644107733
1040875305
1168072460
2114113921
1948871878
749607935
1069324157
957269634
-1821046273
-979794966
-1204164099
1500431207
-304214968
-1732924092
1328998828
1482431066
1152320486
627235447
-2029473368
400873160
970771387
1121322175
-1990026397
1168408591
651496612
-422350197
1011070430
552610755
566760439
1492892623
1740301680
-1760394949
-419451995
486770448
953393934
417291196
338711300
13594760
299804628
543788620
-870101644
778480740
-1803750931
1414346633
-2092344917
1655959471
2007201648
-958058963
1751551729
137953357
-1365710283
843633804
-623905921
749999500
-964118718
1433080024
1692576371
-2120373258
1687583651
338507490
1048410286
-2007336699
2020523690
-1820910675
555304580
982065703
1879369408
-1917706386
413589926
-567310087
-758714935
-1570525723
-1919324601
1467122350
337507365
-511394237
-561621760
732012163
1622530109
-2094035155
242211368
844248284
-620202224
535097664
219591120
189779684
764762096
740943496
-141325360
1391377927
1039357572
1745360379
710300132
-933773139
49216624
-723392560
1103048860
-641718393
1034805757
1319380784
Execution time: 279.38610553741455
Time spent for reading file: 0.009850740432739258
Time spent fot sampling: 1603288151.2439945
Process ID : 140418830288640
Parent ID : 29069
1322668152
-855745461
-110781905
1398429885
91152226
58793546
-1035740564
-2064274166
-1950760650
-1177699069
-1113400621
-482584971
1312152704
-228578273
1507114416
286221840
701548151
-1083102651
1992509266
-736569468
-1853092164
452579226
-926061958
-349454385
-1747737500
343845188
-1260712150
-1303708973
1058031097
1269482583
299813102
1294604887
1871039816
1517731541
-1329838605
2001779363
257502978
1673046570
1372474291
401604452
1906121280
-167908007
383003964
1918649164
-612132880
-1028910218
-2141044153
-828798016
211319684
-1846993149
-1218744176
1073273764
-40742583
-1640356353
-1051801572
815161895
173967686
1243387485
-1988537431
-1063427837
1623837797
1297694904
1766528408
-1455290689
1521442801
1079521188
1771122756
-15203445
1206490931
1485894513
910094251
-3186997
-296868845
-1286617849
-540857079
926270292
-806464636
-1980347055
-1291083300
-2125620518
-613260528
-1443210067
-1173074992
1619286646
2025168587
2052564247
-1103979199
668712588
-657455094
-2026297844
1140667394
-1709976896
-241445711
1631442889
-1435246907
2040198965
-882594170
966579169
-884499561
1707581553
Execution time: 279.3981258869171
Time spent for reading file: 0.0068972110748291016
Time spent fot sampling: 1603288151.2940538
Process ID : 140418830288640
Parent ID : 29069
-1142642467
146057527
-1482808052
1343515085
-1936103387
-393549831
286221840
-35322622
-597491052
666892970
-1048222975
552748810
-1920484449
1191257729
-1631677925
711608093
-59124174
-1669914470
913844145
-86948667
-284701142
-318795577
440619004
1583607501
-236341163
2100602400
-1761063807
-1046838860
-1412599769
-1914605877
-1749316948
1728942417
-550858110
1307103531
11531112
106537527
-364470738
-1555222648
918569465
1854373145
1288176435
-211344977
1833439767
1602837522
-282501790
-1388460589
1697425860
136799282
-19351160
-1964734601
851394934
446593607
1683482516
-807330075
408519648
-202386152
1333832796
-648378903
-1333591570
-89667748
-1840275544
511295278
-1868207692
-1713978557
826841243
1291628082
-1452745066
1987243166
-1856146791
439071712
505587398
-1959862240
-1246764474
-669697088
-944747929
-1568496293
620768777
-718681356
-1860956367
-1379088549
-1776486980
-1406172789
-2079195223
1231151766
-495778357
1718861808
756682381
1914497654
-848966304
764680453
-1835917283
-680298071
-299103863
-1407875590
686087600
-1357711442
1470054211
-477100649
-1770173358
-1267460570
Execution time: 279.92319655418396
Time spent for reading file: 0.00924825668334961
Time spent fot sampling: 1603288151.7864957
Process ID : 140418830288640
Parent ID : 29069
-218001677
-601371587
-572635063
-1813035059
-45947308
479270362
1144306214
1703448836
-80147662
-1271839987
330658225
721390537
-1699815260
-547804667
1289148361
-1892925484
-783902651
1461784890
-971419722
1564379097
989922820
799691838
1577625199
-351579842
-380643483
-1179260050
-1407105441
1518284830
-639428679
615560578
1728021389
656828129
1323825072
-828619076
1168408591
207141049
-686170920
-601441939
1945986171
1562179136
-873401675
585802472
1110730164
-132857349
-996620382
1942946387
1766528408
1375925197
-737347637
1464983604
63948484
1347271983
-276203170
-1560717832
-1601520991
-1098949511
-1057702204
1236171382
-949528860
1966328065
-948950478
-229866877
862673436
-516509683
950285956
1248360304
925439519
-1957396124
-421093297
499217861
1368604939
-935398871
-704976740
-1081448346
1133837059
-1688181754
1418102439
1600679158
-193222314
-1405170417
1619286646
585256297
111565281
538657635
1597837578
-95127038
216685517
-1556230583
1026780738
-832454283
82845345
-672806273
1878614675
-1032053901
741671715
678376906
978354947
-1274701833
1016428986
160796949
Execution time: 280.2258310317993
Time spent for reading file: 0.02539682388305664
Time spent fot sampling: 1603288152.0698252
Process ID : 140418830288640
Parent ID : 29069
1801624728
-124068342
1045908983
2072661179
57020833
1521989983
364350179
132214315
673637188
686063793
2084628899
439454700
765892206
-549435716
-41991454
-577241255
-909810021
-898555694
-2072242361
-1867497486
-1331953815
-1926976034
1242516393
-110694433
-649428794
819750448
-270250639
-1405170417
-33849713
591661868
1306195978
-2023801243
-1553505258
1847713238
-1229950210
390230221
-59124174
368254568
1553668352
1598133091
427777554
1506995527
1317532402
1767045975
754450158
1079439797
1528572181
-563729525
-167310926
701645904
447426140
372344034
-1447215043
764737213
1376485148
-1005171913
-1883574826
1177741088
-1984062757
-1718686447
-1994054460
1943473175
-2077123494
-2070921975
-304958779
1851364120
-29224755
-1678544099
620248481
2146553419
-1187604158
1115214648
1673879477
1602756409
1766053323
-22734176
726776657
-1220027047
-836387029
-1723593689
-1970293072
1908158764
185998288
-1080318851
178161075
-1260842119
-534200892
-736569468
-1016091154
1722223935
394284717
229363464
-1693498206
48007490
341024153
-1675506234
-1109107313
-783099055
1172463925
-269351211
Execution time: 280.6240813732147
Time spent for reading file: 0.009450674057006836
Time spent fot sampling: 1603288152.4828591
Process ID : 140418830288640
Parent ID : 29069
-1267460570
1150965693
395320949
2043358894
-1173074992
339926696
1562977388
2132490220
84155241
-1129427227
-766045843
-995068690
-2061271946
-1113400621
-974397494
944995762
-1207547288
-1355535487
1283066431
-654199988
1169393873
1433809993
-1070146810
1827792643
-593470547
-1662138963
-1208629220
-429339914
-747138661
55185137
-1932023258
1895747795
-434204865
1779683509
724439511
-504586633
-969943176
-230417309
192178684
-123569474
-1730034088
-1182723412
166995592
1053326460
-1720847560
-217087448
1177384929
826260460
-458130091
-1017696928
266201157
463446845
687789390
241367600
936926686
-1592923517
-1238007075
172734366
230983901
-2146649953
-1812448455
-459237563
381212016
726776657
787106165
1762944272
893534765
-1867733463
-602815860
2049584753
-2054373590
627235447
-1146446011
-1615121904
790025485
-691797308
-396500646
56591565
-2044645205
1978439518
921541199
-2004012244
490462766
1339449624
-882624125
2141444489
-2134830967
-1581537141
-419451995
-697742224
-914859378
1152239340
1372399744
-892935507
-179312081
-1551377247
337581491
1345401331
-107317463
-568550443
Execution time: 281.26379561424255
Time spent for reading file: 0.00844430923461914
Time spent fot sampling: 1603288153.1358714
