Process ID : 22738
Parent ID : 140214911629056
451765942
-452353252
1347547102
-511394237
1512521014
1770137121
737574737
1666940837
103940123
1930088273
1740568907
-1586075968
230217055
781448048
-1024352553
494310650
126358047
-907513048
-1672873400
-422985380
1244318368
-879787026
1735837493
486874863
1529572082
-708955955
1288527691
-1256836720
-1447981137
799479192
1698550286
2006477174
49628387
1167898966
-1855895687
-1048183809
382692562
268455070
-1631677925
-1953148939
-1966068830
-1659636729
-1545027452
1237784231
1143533627
-124068342
1736825495
1075123077
31296366
-1572943150
214080803
1785616695
-1077762365
119618742
91152226
-1725362385
510475442
1554923703
-2011773321
-1884769868
-1990026397
1277954644
3386769
173967686
-1796135937
-339800822
-633527880
2033885366
1486322580
-41054478
659948200
997092544
-1351940401
761547197
1088549787
-1924150160
1392792774
1556121732
-434428683
168238621
620022630
706656252
1335336890
765892206
582274478
700471244
1629210232
-1934702700
-2119940297
-593700341
-1110557345
-1298900547
-1180613462
2048151000
-712021240
-19399749
-1182342571
-648378903
-533226950
2011778252
Execution time: 183.81885814666748
Time spent for reading file: 0.06990671157836914
Time spent fot sampling: 1603285222.7847354
