Process ID : 22738
Parent ID : 22819
1195313043
656614206
-2112380411
671534501
177845221
711395071
-2119072792
1838249059
-1160555183
1390197470
200071815
2081711858
866477757
-392978457
604532497
223191235
-1253790399
-1465721191
1971948738
255228314
595825393
1823947116
-551590343
-1454537095
1363070297
683736991
-64465383
-60005675
2112020961
-1786156045
-1981828105
1623200774
-1300214738
-688916468
680554566
-78326207
1625421785
-2019519810
-1674508413
1999755091
-1246764474
-1821906911
510475442
336478893
-355718178
372152889
-15203445
158838760
-1248821499
-1004833003
2038420286
704257391
1435553000
-1033737895
2069374138
1430965125
-1903983460
-1363108881
-740891667
1793204148
-916395261
1084047573
-2077190467
-532868173
118924070
-289257321
-1127707181
-773670986
-1702366606
901187237
-780939920
-1854577281
-2136479310
992754269
-1136943457
2130456082
-18745788
303606202
-242308671
1718931418
47908256
-1146009820
-1952973863
-800487946
368549974
-864246670
-1872956468
885029242
2104091577
-144317387
1309406973
1056554373
704084112
2004018735
1777422481
1046605949
-1829866141
-1447981137
1485143485
-694651933
Execution time: 789.9643821716309
Time spent for reading file: 0.5099682807922363
Time spent fot sampling: 1603273783.674145
