Process ID : 22738
Parent ID : 140215507216128
-938310123
-1254803374
-1898920590
-747998124
-723855861
-1730865034
-715174088
1710016878
1628453192
-626774833
-1407875590
-1364750604
606784845
1299053482
-568553112
-1010106223
-1367871798
1008736270
-160250437
1856431932
1520882820
-346575474
103045673
1494364222
-487321406
-856808445
1213863322
-1103941693
-939855465
1121498937
-1763576120
-584545406
777530410
-1152044357
-1998923661
661126125
1997468839
1572453395
-316125561
-1828427698
1612796843
-1648453510
1510687562
40292816
1565705419
1349958683
-1057702204
1150606483
-750108156
-337142306
1289946637
754450158
1994406532
2132140000
635768319
-2043493723
-1796135937
1266074490
732012163
-381758841
2114243660
-1790899411
-645870576
-1978706390
-1173876445
1299401397
-1594519509
758383378
1398429885
1663326903
-928749872
-285566401
1602756409
-1594536595
1290586991
2142548611
-1477340627
-194394068
1693564430
-593729248
59011055
-887456687
1714119278
-2025794668
-135545820
-691797308
493158003
103946364
-1962353276
1577290576
-1727898903
-2133530979
1624288377
-1935475666
-1376087957
1038012809
-1545837432
572461052
-783902651
2059683104
Execution time: 784.2504074573517
Time spent for reading file: 0.05479621887207031
Time spent fot sampling: 1603286017.4426482
