Thread ID : 139936684398336
Parent ID : 24981
156340086
769261304
-2115603900
-88973678
-1711255275
-1545737682
-1513325275
-80769427
848556252
949343084
1430097028
-664202645
-1554655307
-657034426
1388690968
-87329381
-120548482
2073662912
-76082709
-2063016489
973197926
-509316045
-191789927
-2040828818
54382140
-1166237976
830859902
1773693644
2127077790
-1042659920
-149026027
-772536887
-528660143
-1321334624
99641813
2054094707
685786846
-2034734212
446990554
-282532796
2038470309
-1394249631
-1741317708
2053973296
-168933331
1861905899
-1298773714
429963592
978531640
-1245497585
428793783
20064760
-59384358
1567162038
-533132247
1508955161
-1333867812
1852323088
-884140515
-1700112825
-1243579556
1134808915
-1037019061
374892251
1775100314
-860895250
-338026833
1021299231
-287349376
1868416262
75988313
974229750
-95417135
964679999
418542684
745592343
-1860445984
-1930162850
-908902266
-2144424812
-742817759
10314429
-985147419
-1253516962
1210116305
-603092191
-1341827930
1324201940
394007800
36052548
-1105466285
-1615924386
-1019316604
-990776085
1885138393
-1607608318
1180715900
819734779
1627750275
1616406557
Numbers which remainders equal 0 when divided by 3 * PID : 
Execution time: 0:00:10.058025
Time spent for reading file: 0:00:00.034257
Time spent fot sampling: 0:00:10.023453
