Thread ID : 139936684398336
Parent ID : 24981
-1720856779
199415713
986334639
-560643623
-1629952419
427854745
568260708
395925815
972359001
23634171
-976338169
-872756176
172497120
-380518891
-292799735
-1171969866
3874042
-2099840152
-1225937290
-1782605985
311213520
-2001826659
1688206303
50602214
-1087373666
870485088
-1492173786
-387438641
1556312971
-263520327
-828163585
-1071161679
-883065822
-699280149
-1946355180
-1483701813
-1486057103
454302333
1395859753
1557410855
-1674531728
1000197015
-931234603
205902585
-2003143157
-84453720
-1577223285
511254270
-706543609
1809179324
1495861510
-1022933546
764416375
299037125
215051449
1889255969
1920364110
277126276
-1798414625
-1529483146
-1581692255
-96507306
216353138
634938986
-1210356569
-2089136353
1522938873
-915022528
-471163993
-290367370
1559130972
-2055963511
-1409646476
-454281345
-397898720
-620635957
-927603350
847863480
-326242467
1862737446
-326863097
1744972028
1020377307
-37871662
-1478870452
1202579528
-982402590
1325375276
1371830541
1463110850
-917019576
925910845
-1638946235
1711514348
1598835636
-382511543
253155710
459611042
-215849862
995880377
Numbers which remainders equal 0 when divided by 3 * PID : 
Execution time: 0:00:10.135979
Time spent for reading file: 0:00:00.037284
Time spent fot sampling: 0:00:10.098199
