Thread ID : 139936684398336
Parent ID : 24981
-242308624
-1924054970
-1104860118
1257615888
-1238901709
-482111491
17921705
-1177729496
-17054955
321249980
1024361151
-1873727085
2111608600
-1243668225
-749594749
-889147199
-8827987
2053419731
-1688977490
-1023138978
1261440877
155650548
-2062698663
-630721945
1789935425
1961878231
1839576972
-1934121510
-249724475
-718879209
1543799156
538607785
-868112853
-666637942
-2026298815
-1457531641
797711557
-1774607003
1565578311
-866625990
-459497492
1078583786
-417095465
1379233477
-1575109495
-57376802
-904818918
-1699960528
2066343133
-1713473925
826212761
1924232834
706270598
-880324001
-741414878
-1233946472
-382504938
-1391193456
-2139693526
-2055146597
-2014294228
470409817
-431014323
930373067
1790152375
-1817382625
-336837570
-286986292
-2085910423
-1447307838
1362613499
966234537
644806766
935204312
-963303657
613114950
-1668707384
395779455
109376207
-470272457
-1986633537
-925617146
853111349
810447363
-918087559
-700452317
-1216947072
-550942274
1258885316
2089880708
1520036182
-2012204438
-959496969
-120000549
77736927
1516076289
-78201262
2004493471
-1402983108
1427237685
Numbers which remainders equal 0 when divided by 3 * PID : 
Execution time: 0:00:09.654830
Time spent for reading file: 0:00:00.037893
Time spent fot sampling: 0:00:09.616498
