Thread ID : 139936684398336
Parent ID : 24981
-947860104
1914486724
-619669411
-291508754
2054375567
1923039035
1594507642
120274127
116375316
-594454947
-2004750465
-1868333619
1361534323
-450123135
-1219896331
-2106850358
-1006155107
103462621
-1094262872
-1810985620
906300628
1141724761
-1321510990
1958089811
-1921640125
34536297
1842411074
-449751661
-1612282163
1606414073
-1307034591
-626479128
-1015556719
1381703660
1586113310
298303910
993465588
-771803451
-905992410
-134412257
171773725
-908732150
-1845341668
-134234588
-1951845110
-899261809
-1814721307
2083251205
263214550
242376936
-84422057
747851636
1940295514
247357159
1486858351
-1226772494
830209516
557119734
-80419723
1187787653
-491168210
709415388
-400297662
-2097832396
885283150
268268832
-1551224797
-1328304198
-1173694727
-305801692
1950236520
-1346280924
1917264613
541938286
993031177
656808434
-712971381
-335416025
1549739998
1786198190
65523825
-1727315257
-744400277
920545137
-1386514674
1257665068
-1645167682
-2127229196
-1329771586
1585294635
1567820653
1230623453
-584196422
4548182
153536220
-529161571
-254087116
2063430520
832017451
936725559
Numbers which remainders equal 0 when divided by 3 * PID : 
Execution time: 0:00:10.388439
Time spent for reading file: 0:00:00.050675
Time spent fot sampling: 0:00:10.337283
