Thread ID : 139936684398336
Parent ID : 24981
-2115375626
-2008450666
1863750760
-467581954
-1099108344
-563455184
-1949387254
513284082
-49874393
419284972
-204725441
-1848567967
-692151887
-229028518
-1031470167
751968860
-39282810
-1533346364
-1100151715
1186659321
1325996445
-384051932
-1194176904
2027519274
-1319913453
701112857
-1452810539
-1333581710
90650437
1406567135
1680362432
-27485059
-201801436
-907015267
585785522
1380349101
-440714408
-1800356242
130503983
-1619295192
-1411016225
876838148
-1974004300
1134242949
720134733
-149964270
-634775327
1889867616
-572396162
-273214044
-682106336
-535967576
133121579
-2100654406
-672282628
430923737
86593498
-1036634935
-1842557197
901674757
2110795217
790278976
1357398218
881131546
1178637006
20190527
502387069
-741263444
576143958
1438568671
-1254886620
1703373995
-954055449
-1150599195
109344780
1609195783
1100808055
-1741810888
2016205788
709236388
11046034
1598720573
-513674303
1476556333
177898510
1989999333
97756257
-829233776
-1788832711
1926931568
-1523360873
-418640183
1722116220
-1043658613
-1906900042
1811330980
163076238
-31995536
230267484
-701104046
Numbers which remainders equal 0 when divided by 3 * PID : 
Execution time: 0:00:10.530478
Time spent for reading file: 0:00:00.043712
Time spent fot sampling: 0:00:10.486376
