Process ID : 140418383861504
Parent ID : 22738
726250822
-1219856265
-1722960929
1541827521
-475478808
1666917200
-1295600576
1577290576
-1969466892
-1215774127
1311485260
312413844
-396761966
-1946298747
631289185
-453510154
1570204111
-550858110
-183718576
56933386
-2009836654
1616194275
-1005139113
1587171013
1109993591
310279763
-640270380
482374230
331512162
-476329550
523075094
-1085919876
-1034737832
960203940
-1319194513
1245116478
-1673034810
1239556268
-985829568
-1220056441
762927816
-1553505258
-2004384695
-2114387808
-70382981
-1967455419
-1107936985
1237679507
-1028910218
163049223
-1142025004
-140011865
-331027572
1930088273
-933704759
470367963
311832699
1777237439
1708908093
1835196352
173000209
-1545027452
106537527
-212461529
2142280694
-556245275
-910006357
-1062413976
-1239022487
-861036820
112534210
1279030139
-1740009910
-83833029
757393206
-145414104
-829345350
-467968606
331787364
160338456
2109792400
1243704663
-1209725267
1796144258
1473455577
-285706121
-1076029964
773024957
-1529654811
183864452
-1873127721
765535293
-1750648347
-1577971214
-738127517
-1423344876
-679461956
-1835869237
-1937352770
610346356
Execution time: 179.61441493034363
Time spent for reading file: 0.05542349815368652
Time spent fot sampling: 1603286894.4166918
