Thread ID : 139936684398336
Parent ID : 24981
1342923081
408793417
-791624715
-101921117
-1801047282
744263105
498313458
1708594105
-1675338327
1084488973
73164825
-1882267503
-1293880318
1378457346
-1784894947
2108544124
-1412291019
-953382655
-1066019842
-1378676738
-485795628
-126790285
1102676326
-1323157358
-183181360
-521974563
1708273855
-1386350803
-1738839175
-1983901198
-90701828
-2110729006
-1092525783
523732586
-1151096531
-1364785308
1587824810
-965287218
-1302558044
1740162789
1076073891
1130084157
-484112071
-1308082861
-1411183357
972652625
-365817959
951309812
1473458952
2111565401
-1815330585
-1165962351
-1367428939
1407145051
-1007326240
690999770
-1820473019
-342512995
-1078878715
-1804597810
216662324
-134234588
-1787999657
-1926527467
393742539
1038662523
-1778435682
2126417639
-97002003
868967203
-1444297234
-1683669278
1514908651
710214938
335492224
734240089
279267712
436322704
1527477860
-2091254792
521659676
-1557986526
-10234404
622648140
-160354037
-626599058
1970835464
-1296465956
552884886
401317420
1945250446
-361610319
-1882756465
81648585
2090763772
38128625
-704214085
-2122166814
-2045345866
453295791
Numbers which remainders equal 0 when divided by 3 * PID : 
Execution time: 0:00:10.337649
Time spent for reading file: 0:00:00.038565
Time spent fot sampling: 0:00:10.298621
