Process ID : 22738
Parent ID : 140215932913408
-738196617
-1377044669
-1197590934
1122164034
-1544187570
-23914782
315381634
2018086368
-452353252
112534210
1045853209
-55262118
432828206
-1721469097
-496002907
1170672849
1176715535
-509716303
-2079838977
404120402
-668222748
1398932599
-1469874715
1714119278
1058544047
396815452
-6722887
215000508
100365831
1435590250
799211577
1048406255
-1953148939
-1851324581
-1806275551
-1126156191
-1481181593
-465529696
878204126
926145434
-1903983460
-856793127
678712213
-1477186695
1080697197
-1063221286
-297933919
-1575297904
-1918129561
-1679963473
1075079478
957444070
56933386
1176402985
1006180095
1831616707
2117285371
-1189401471
-2038229465
-1606845466
2086046088
1937032512
-76738247
-338881903
4264714
-1471915918
243705167
-1639951451
-294320294
1849385376
1042236270
1822241218
117916202
1080089406
-485425087
-465799402
-93439722
1517731541
-709476903
-1432429417
-370188713
-728879642
-1212361522
-950082668
-1440221957
-1125866730
323313315
-1730865034
-1460942417
-563316135
1372938020
122412505
1118337081
-524208589
-542180963
-1554742006
-457055475
898545176
1304787801
280426954
Execution time: 186.0752956867218
Time spent for reading file: 0.03446221351623535
Time spent fot sampling: 1603284865.549203
