Process ID : 22738
Parent ID : 140215800018688
-657231882
-1853327936
2011019277
-1167579066
1569424680
-1319150444
-774701384
-1653662346
2131278976
-1961743556
1274059511
1901673892
1269482583
-973210534
487081261
-304338355
-1058547082
-2092344917
-551455260
-659878128
2020710532
-110781905
-1958776492
1152469030
2144915407
743278206
792759397
-951656935
-2124573552
-440456387
1361814334
-1158070659
385039732
1427996163
153735112
-1864916035
-1342512919
1553447511
-364547043
568535752
-673652095
241732782
-1874108911
-1202034181
943480069
598325360
-2054259532
-996154546
-194394068
1466238092
-1193508180
-697742224
1539762547
-1452559716
-1868125908
1956680678
-1667251767
-1687415670
151972405
183341325
-1749307919
465065056
410487809
591627145
906646190
1137527176
-609533017
1904574335
-2104235484
-656703397
-840432823
2128485988
-1353506753
-1631028889
185812847
-45600024
-1502110150
1301057127
-35711748
-808987344
-2092826100
1952711044
-1466789356
-1981409264
-1064355753
2135407740
153035227
921541199
-1686608073
-369167874
2092746725
-129109684
-1190148402
-1687260088
-1430632951
1805736930
657390658
1903627853
-235194941
-922083409
Execution time: 184.65982294082642
Time spent for reading file: 0.054544687271118164
Time spent fot sampling: 1603285050.1994884
