Process ID : 22738
Parent ID : 140215941306112
-625469852
2038759927
-1447215043
1446179837
618418712
-285389965
617067030
-1853786172
-712290350
-1407938951
-1017552859
1810479283
-542587827
1192248802
-955462250
2049584753
-887217831
-877164533
-1853675842
-1220303628
112339502
-1689893362
-1437451211
-679736961
1914931076
-1129029419
1255333961
-60602311
-1749537153
-691228487
1382344760
1349958683
1590759652
2025168587
-832470899
-1388460589
1969308088
-500266229
-420699484
1052776919
660576668
-560330832
1503906732
53604405
1583005784
628925766
754426418
1355946604
1529845547
-534297099
-41913175
1572489182
-914167923
-1059471136
2032521972
-959925042
2146561140
-992994973
-335340709
-1327082566
1804968770
-1083044305
1291086997
-628262154
368591889
-1807118747
1755367759
-1225814131
-2017414619
1956689637
-2094035155
1337384235
-2064385696
1709191034
-169713010
172628523
-1682447310
1845036077
-158764295
1590046088
-1510035431
-1988220108
-6722887
-859943591
-1038990044
1168408591
-1353444167
-1907127318
-1917414765
-1492537512
-1982585263
729392415
1841933800
-537248892
-1480879900
-1136437243
-1970293072
-1841543803
834604526
826094267
Execution time: 188.13044142723083
Time spent for reading file: 0.05500912666320801
Time spent fot sampling: 1603284679.4317522
