Process ID : 140418375468800
Parent ID : 22738
1131149100
-1717753939
1122164034
-670807316
-1556230583
-107940545
-2097364299
-1223557066
2112318817
-783929618
-1447981137
-2001353152
349788985
1444657831
-1614680306
-1033805204
-76420604
40680292
-2001476694
-1966068830
-716918757
-1751396247
-1294850863
-2041784144
293499624
-257683954
-416901651
-1851437183
-807330075
1498264484
868738439
1793419035
1962079485
-1034990565
-879787026
-1867276443
-259608288
735601311
-1978213
-1950760650
1349831479
95852001
238405618
1280269315
2115169677
17759341
-453811340
1487908805
186524022
-1501466309
1792049120
2108414215
282397020
-769471239
-747523850
1089260136
1349333502
-842695267
939859990
-477968003
-887456687
1397624524
-1122176887
2002702137
-1193158641
1815720720
-1372072596
-2036721727
1637437175
1755122072
1112721251
720577031
2117646126
-476770899
1349892110
977852220
1434024051
751582627
874568692
483119165
-304897697
297001567
-561232762
-469977262
-1884728395
487081261
1268882246
864169106
1236171382
-1030853396
1647932707
565304747
-1960225603
2035538939
-28623050
1605374366
-179556308
257221783
193065253
1176655595
Execution time: 179.67440962791443
Time spent for reading file: 0.012779951095581055
Time spent fot sampling: 1603286894.5426033
