Process ID : 22738
Parent ID : 140215490430720
-286514957
-1592923517
1707190976
1703219637
1557417126
1294624126
-2111507290
-304958779
-1344038394
-1960250999
755063871
-430673244
-202386152
159815248
-741989454
724048629
1796144258
651023139
-1947187642
-1750648347
-2068867337
-1122444572
992754269
-129733758
-874980565
-347972257
-314521205
-1758451025
-314553101
-1659774480
-401166573
-1963297490
1584645075
16079145
473325401
783901719
-2042862846
-657096610
-1460942417
-2048911222
-90587358
-190320768
212388160
-538283783
-2120373258
-750612666
1608903306
-327371660
585802472
-919644416
1277305612
-176770499
-722790052
-923296713
1070014970
-349417846
957444070
-2033100826
1635426832
108670992
-1181496594
988241373
580441862
-1379440111
1554923703
1361683156
-2115628588
171063601
1681457541
-1366749788
700550137
1570204111
-1233925681
-1104419033
-1660966566
-1959862240
-763631482
-862994095
-600188529
179675769
-531739041
280537285
-1868207692
325744281
-394822004
2109540759
32055027
683242131
511992930
990699490
2115312360
701742242
479270362
1376485148
-1756141534
-298796950
-1526472382
253928418
-1289204740
-2008531263
Execution time: 188.95092463493347
Time spent for reading file: 0.03440046310424805
Time spent fot sampling: 1603284479.8776429
