Process ID : 22738
Parent ID : 140215498823424
-1709851311
-1854577281
1638172334
-1949862330
2108006579
-608185700
168291659
1551665513
404120402
-2126987368
-196077192
1805128678
-408696639
-1263530683
-1425503076
-94593307
-220185053
-192095220
-260311474
1347547102
762626401
-704976740
-1012575058
-1384734600
26302937
2092746725
443003799
-793951025
-383225818
-722667823
1434024051
-423691048
-1752210706
627235447
1122164034
1220516796
334272751
2055275089
276513797
1465675723
643851014
-1853327936
-1166877556
-251445490
784383129
-1453055818
923372207
-1656333770
229932124
1591805557
-737346018
-1758451025
1223857020
-1383387410
-401166573
1869210592
896951014
-1009423139
151972405
750060322
171375709
230217055
-966128660
-977532563
1266115506
207453568
1697425860
-1317783258
-1761063807
88840190
247299241
-2130519678
-1436655886
-916179727
781724670
1829609265
1961323694
436750666
1036721414
-2034257257
-1699645208
1718931418
1657605883
-1339855224
-998625217
-982855162
1372474291
743534081
1473184105
-1568602804
1489423736
-965263671
941150607
1919519906
-679898940
1699301182
1028987827
-948974027
361447501
-1586423443
Execution time: 189.4542875289917
Time spent for reading file: 0.06158757209777832
Time spent fot sampling: 1603284290.8737314
