Process ID : 22738
Parent ID : 140215482038016
825691943
-1868985290
1246868733
1756146252
1930088273
132214315
2142548611
-1188243474
1156720434
-1826389562
-352603374
1048343525
-1880409393
-539178243
832366792
1005302571
-1317896748
-987708962
-903763785
-1666929900
-276542322
1598515865
-562909111
270582980
-397784797
1651326055
1796144258
93658382
493003528
-1464977973
1853487670
52037810
508690572
1187160863
1714119278
-892451683
-221504582
-326687143
-729329297
770647487
1751551729
2027302798
407720423
-1748036041
423130807
315381634
335157292
1680784695
82090214
-1425178493
944995762
1427996163
-187402168
1128608838
-1345383384
1907017521
-299891688
-1017552859
-138055682
-2126267022
749774674
349011787
753008717
383003964
628925766
1333007557
1490250709
1361683156
-1983419268
1274168587
1497017120
363952957
-809629341
1434024051
2037118875
-518699003
-620137619
238405618
1220516796
2062080718
1933274138
-1942728370
209210813
-390888807
-63640604
840480767
-379662560
-931701402
-752038592
-2115628588
-1218876595
-633527880
1391377927
-1268082429
-576638671
-1724239335
-863837778
-1260712150
651959020
-1368821791
Execution time: 188.30295968055725
Time spent for reading file: 0.014232635498046875
Time spent fot sampling: 1603284668.222292
