Process ID : 22738
Parent ID : 140215816804096
904773651
1779551347
310123323
1707581553
-1006513040
1475675133
730553568
-18745788
-1507818778
-1808631237
-1221144452
6221037
-684837392
325253336
-1985161209
293054228
-1994054460
2133400346
259405300
1746280063
1692453358
-1670033389
-897564246
-37146590
756390868
-1324731226
1521989983
-1884769868
-1276270638
790160997
-1200045076
-1518185107
2059056116
-823717349
1199995497
598325360
513596220
-1981295233
-1232404319
1220537357
688500213
-762387528
317468361
-1567603321
524719986
1204700440
-2133530979
-1394518889
254485622
-22674499
645382898
369276604
1251785681
257060383
885029242
-892389181
884584783
384814534
-667146482
1598133091
-1265641221
-1302661264
2096033973
1339449624
788457165
470920165
-988934544
-268380601
-1545096117
51917131
-950966541
-1076338270
-117801377
-1495262459
-123048275
-247244533
898545176
-617075457
-1170298506
1783898997
-1491945867
63752555
-1401228457
-1949862330
176862815
-1125434823
-688109309
2118620759
-2055945891
-1135481867
-1799608606
-3969086
-1689342683
-614381916
622001601
1788543693
-1784344194
161377741
764296664
540140790
Execution time: 189.56573224067688
Time spent for reading file: 0.04440641403198242
Time spent fot sampling: 1603284301.5099237
