Process ID : 22738
Parent ID : 140215515608832
1869940027
115180085
-2014039587
-2085366369
-1980573476
-884893360
1712161578
-2135339941
-2045007716
-87997766
40732403
-833910564
1648487411
-1372688641
-144141595
-2072111793
885681211
-1838340486
-547804667
-325386680
-139378317
-142204047
-755591628
-722667823
-1465195378
-930045740
-2128422700
-1455682705
1237784231
-1345743732
-1739030597
-2054373590
-1117725939
616761446
2087630883
826841243
-826905397
-1000275916
303606202
671369414
-1704238035
1507114416
-613260528
-1911476513
-1525333345
-1618705262
-949528860
-1005139113
399858130
-335453140
-1555743229
-1806275551
-1057679348
-1249100982
1073697033
-1898920590
1023927557
243705167
-605319688
-1790899411
408519648
-965804804
741449366
-24949225
905105739
1357112366
-1649038890
10562559
-1936357906
-391910561
1458670316
-1577628073
-1904233500
1430965125
-1228514013
-512070835
1916304207
1098702865
1209257280
230868917
1681490294
774654534
-830038663
1553668352
1060228883
604532497
1068253479
998805282
1492001339
-2061271946
-1841289563
-627486910
1980390204
1011070430
-1246764474
306556538
858402366
1058031097
-1181496594
679804564
Execution time: 183.8493800163269
Time spent for reading file: 0.04469037055969238
Time spent fot sampling: 1603285234.0688834
