Process ID : 22738
Parent ID : 140215851153152
-380643483
-623332880
-61371996
1103048860
-1591170523
-191311973
1369443105
-1216557153
-1872745235
878739686
-784543746
588761974
-1347611361
1981575968
204760263
297278637
1317532402
-1501466309
-997649958
737008018
1092643428
1495012403
-239718849
293869264
-1628850772
1361610318
923621903
1684175580
-607014324
678376906
-622154216
334797549
136799282
-570771390
-1476497686
981598686
1611696823
-1475439870
1478180911
-2048911222
-1797295993
-649954119
-1584420157
680260612
-223695122
-5100659
1637542532
-1587852806
-168766965
-744314926
163010837
1429914616
1534032500
455026507
1831701726
-239096615
-1452745066
795729163
-1723567905
514123866
-467012172
449330191
-278333280
665105085
848003843
1431829336
2032521972
-1060867188
-1857074869
1252677664
1071348393
1069501972
1979975858
1714685367
-367020859
1892456613
1308335168
-549435716
-401350978
-1199591140
1370533321
-272029144
-612132880
1788089303
-1584247664
-1295600576
-630942238
438381252
-481736503
-396761966
1746453927
-472498601
-1892891167
1734390820
37136617
1434024051
499777407
-1688205485
1548498451
1543454834
Execution time: 189.77063393592834
Time spent for reading file: 0.039441823959350586
Time spent fot sampling: 1603284491.3013191
