Process ID : 22738
Parent ID : 140214903236352
1766528408
-382081981
-1674837727
1538278919
836873766
190294041
-1545407623
-424213950
204760263
-34945588
1881713000
-1800235781
-136930597
-840059748
2011907208
-158013378
225347353
-358000528
585184175
-939258628
-1950692543
-1854092236
-1967455419
1940642563
-1188243474
-1526472382
-340705199
-1194176235
132579748
-72004810
117916202
-1239022487
1851886286
-854814695
991842243
1234718596
-1176201605
-2052754285
1664350005
-1511727503
-1022811127
1248512709
745050071
-1216413070
1028697984
-1274689749
-1481715942
1087508384
1500373499
1084047573
-1962353276
-1198441150
576447782
-1682167554
160990173
735869616
-724673010
917626196
-2081533921
1757024782
-703441603
1519392067
-329376431
-515046173
-78721292
1973512075
299813102
368901788
293499624
-553118376
14788600
2095709887
-1755160845
-1920017742
1234708873
683805422
-258631934
-389967001
976724293
-2034763740
-1985028934
1899599772
-988550001
925439519
-2072908448
1871740035
851730407
-298140652
-1629860284
272095298
81982752
309369220
1257323293
-1039343362
-1910534477
2122143529
-1925081992
1167178666
45245772
-1685166357
Execution time: 746.2302610874176
Time spent for reading file: 0.025043249130249023
Time spent fot sampling: 1603285968.6172032
