Thread ID : 140625574205184
Parent ID : 4589
14690457
2111652991
1079246627
-384417330
159913683
338737450
372548719
-1550166050
448627203
1181043827
1675291674
-695475231
1418292582
854961526
792852903
-2011219619
98111391
-412339597
1410943557
189756306
1974617207
209846213
493264510
-629796143
9132387
-1890427556
1544999649
831097728
-357265561
-1435473880
1523748162
-1533537265
-1934097218
699317501
-1797410267
540498320
1997727517
1710433107
-844519703
-450246971
-593496808
-1377238044
1668673921
-1933701192
85507504
174015540
775851121
1839065007
1592186253
914563881
-1280861222
1989790646
-1263959666
-883503263
1671781902
2119438180
-1915814961
1180606796
-691237640
-249781420
200990349
2022156138
-742069138
1961698635
1234386606
-279286328
11387091
-1430864944
-1875749535
1804382107
1656578333
1884769992
807585071
342261055
-662803538
789659621
846313087
-83684970
-1106915238
-1621401279
209557451
-1223587169
1835447841
540893271
2133876051
-1330298428
-458802763
1226454243
1546433906
-1374661702
-445587720
1711412622
885091204
819794693
-678707317
-318190176
972772700
-1203900913
598772161
-1231522471
Numbers which remainders equal 0 when divided by 3 * PID : 
Execution time: 0:00:01.756436
Time spent for reading file: 0:00:00.005192
Time spent fot sampling: 0:00:01.750678
