Thread ID : 140625574205184
Parent ID : 4589
420785094
276853233
-916698598
-1874193960
2063416632
-1752554488
966991312
-1519102684
-1768555215
87909963
-1762746630
1011802324
-1943083093
-376212195
-490393664
1118491823
-578543889
-346143632
-69231859
244088507
-84611471
1168150197
-1217537786
705631934
1448174756
-469194809
1814387129
-82801082
1171902191
-790663070
8785110
1562826030
1954106559
1882447571
922477655
-2097691605
-2145559780
-1968650442
766929107
2096365226
79081893
31105595
1921535829
-195097316
1676158449
-1114576029
1668120779
1888605759
-473124888
-1340677268
-1335270423
-829530388
2076897087
1569764441
2132630172
1676370612
-664693873
-1490785272
-170285490
-1875657363
-1423234200
-936831261
-1360116687
151447437
1224349358
-1733233099
1648141734
336929932
-148149616
1244021344
2056004431
-534295664
1023904111
-791853860
102126854
563603466
1746429309
890247307
1604955580
-169074944
1680224918
302800610
1603467805
45403803
-1181786259
811897773
1252318864
1637852219
-2142851052
1310667054
1885228618
1077149813
62428923
1453490744
174167419
1422873429
-1824816620
1287382705
1298594468
-261289982
Numbers which remainders equal 0 when divided by 3 * PID : 
Execution time: 0:00:01.490527
Time spent for reading file: 0:00:00.003221
Time spent fot sampling: 0:00:01.486373
